seam race on GPU: IC=found  N=256^3  nu=0.002  T=3.0  Z0=0.375  clock 2dx=0.0491  device=cuda
   t     Z/Z0    max|w|   twist@0.05 @0.1 @0.2 @0.4   anti    ell     ell_nu   race   cut    Re_seam   delta
 0.00    1.000      7.16   0.00000 0.00000 0.00008 0.00821   0.000   0.6364   0.2607    2.44   0.000      910.1   0.2255   (1s)
 0.10    1.045      8.16   0.00000 0.00000 0.00011 0.01322   0.000   0.6315   0.0884    7.14   0.000     1006.5   0.0224  <-- past the clock   (19s)
 0.20    1.123      9.68   0.00000 0.00000 0.00036 0.03029   0.000   0.5265   0.0652    8.08   0.000      829.5   0.0386  <-- past the clock   (38s)
 0.30    1.234     11.06   0.00000 0.00000 0.00143 0.06703   0.000   0.4333   0.0565    7.66   0.000      653.1   0.1448   (56s)
 0.40    1.373     13.17   0.00000 0.00002 0.00377 0.12527   0.000   0.3718   0.0532    6.99   0.000      573.8   0.1930   (75s)
 0.50    1.536     15.45   0.00000 0.00008 0.00839 0.19624   0.000   0.3282   0.0536    6.13   0.000      517.0   0.1590   (94s)
 0.60    1.718     17.57   0.00000 0.00019 0.01632 0.27087   0.000   0.3026   0.0574    5.27   0.000      490.3   0.1321   (111s)
 0.70    1.911     19.48   0.00000 0.00042 0.02810 0.34531   0.004   0.2933   0.0642    4.57   0.000       25.4   0.1136   (128s)
 0.80    2.109     21.05   0.00000 0.00097 0.04487 0.41982   0.018   0.2933   0.0743    3.95   0.030       33.9   0.1001   (146s)
 0.90    2.306     22.20   0.00001 0.00217 0.07014 0.48350   0.044   0.2963   0.0922    3.22   0.146       47.3   0.0897   (163s)
 1.00    2.494     22.79   0.00005 0.00479 0.10938 0.49432   0.102   0.2917   0.0960    3.04   0.285       62.8   0.0831   (181s)
 1.10    2.668     22.85   0.00015 0.01074 0.17278 0.45347   0.199   0.2779   0.0816    3.41   0.402       82.2   0.0780   (199s)
 1.20    2.825     22.63   0.00050 0.02381 0.24754 0.39598   0.291   0.2603   0.0653    3.99   0.444      104.7   0.0746   (219s)
 1.30    2.962     23.04   0.00167 0.04759 0.30223 0.35163   0.394   0.2371   0.0568    4.17   0.433      123.8   0.0680   (241s)
 1.40    3.077     24.07   0.00406 0.07547 0.32387 0.30157   0.491   0.2170   0.0505    4.29   0.363      164.7   0.0688   (264s)
 1.50    3.163     25.11   0.00739 0.09864 0.30263 0.26632   0.566   0.2049   0.0511    4.01   0.337      191.4   0.0689   (286s)
 1.60    3.209     28.99   0.01170 0.10981 0.26412 0.22743   0.610   0.2072   0.0535    3.87   0.374      223.8   0.0692   (306s)
 1.70    3.207     35.12   0.01410 0.10599 0.22247 0.19299   0.602   0.2024   0.0524    3.86   0.438      233.8   0.0660   (324s)
 1.80    3.161     41.14   0.01283 0.09440 0.18321 0.17218   0.503   0.2226   0.0858    2.59   0.397      275.1   0.0587   (343s)
 1.90    3.091     39.51   0.01087 0.07572 0.16297 0.16079   0.506   0.2060   0.0827    2.49   0.444      216.9   0.0572   (361s)
 2.00    3.014     35.99   0.00766 0.06045 0.15249 0.15357   0.466   0.1936   0.0611    3.17   0.475      184.8   0.0579   (380s)
 2.10    2.941     37.12   0.00542 0.05156 0.14345 0.15310   0.387   0.1884   0.0615    3.07   0.397      165.5   0.0585   (399s)
 2.20    2.877     35.11   0.00431 0.04717 0.13520 0.15171   0.394   0.1831   0.0789    2.32   0.371      174.3   0.0602   (417s)
 2.30    2.822     33.60   0.00424 0.04718 0.13139 0.14778   0.413   0.1798   0.0804    2.23   0.369      179.4   0.0624   (436s)
 2.40    2.769     32.92   0.00500 0.04953 0.13359 0.14594   0.395   0.1766   0.0780    2.26   0.427      149.3   0.0641   (453s)
 2.50    2.714     32.50   0.00587 0.05195 0.13483 0.14665   0.359   0.1688   0.0747    2.26   0.474      112.8   0.0626   (469s)
 2.60    2.656     33.34   0.00619 0.05236 0.13328 0.14756   0.345   0.1669   0.0734    2.27   0.494      114.4   0.0616   (487s)
 2.70    2.597     33.78   0.00564 0.04959 0.13150 0.14651   0.354   0.1621   0.0691    2.34   0.468      123.3   0.0623   (504s)
 2.80    2.537     33.68   0.00472 0.04578 0.13017 0.14416   0.339   0.1602   0.0690    2.32   0.424      116.7   0.0627   (522s)
 2.90    2.479     33.37   0.00397 0.04344 0.12817 0.14159   0.343   0.1590   0.0852    1.87   0.383      114.6   0.0633   (538s)
 3.00    2.421     32.53   0.00365 0.04210 0.12570 0.13873   0.365   0.1556   0.1043    1.49   0.360      135.1   0.0643   (554s)

clock expires at t = 3.00 (delta 0.0643); strong twist peak 0.10981 at t = 1.60, at the clock 0.04210 (fall 62%); max|w| growth to the clock 4.55x
race variable ell/ell_nu min inside the clock = 1.49 (at t = 3.00); cut fraction at the clock 0.360
C21: Re_seam at the twist peak (t = 1.60) = 223.8; twist peak 0.10981; max|w| at the peak 29.0
REGISTERED C20 at nu=0.002: between (see rows)
