seam race on GPU: IC=pair  N=256^3  nu=0.002  T=6.0  Z0=0.375  clock 2dx=0.0491  device=cuda
   t     Z/Z0    max|w|   twist@0.05 @0.1 @0.2 @0.4   anti    ell     ell_nu   race   cut    Re_seam   delta
 0.00    1.000     11.01   0.00001 0.00025 0.00679 0.10069   0.000   0.2676   44721.3596     nan   0.000      269.9   0.0189  <-- past the clock   (1s)
 0.10    0.990     10.90   0.00001 0.00023 0.00629 0.09686   0.000   0.2678   0.2174    1.23   0.000      268.3   0.0386  <-- past the clock   (23s)
 0.20    0.979     10.78   0.00000 0.00018 0.00526 0.08839   0.000   0.2687   0.1925    1.40   0.000      264.8   0.1382   (44s)
 0.30    0.969     10.64   0.00000 0.00014 0.00412 0.07810   0.000   0.2721   0.2535    1.07   0.000      265.5   0.1701   (65s)
 0.40    0.958     10.48   0.00000 0.00010 0.00314 0.06831   0.000   0.2775   44721.3596     nan   0.000      271.1   0.1435   (85s)
 0.50    0.949     10.32   0.00000 0.00007 0.00239 0.06016   0.000   0.2831   44721.3596     nan   0.000      275.3   0.1254   (105s)
 0.60    0.940     10.13   0.00000 0.00005 0.00186 0.05392   0.000   0.2888   44721.3596     nan   0.000      278.5   0.1139   (123s)
 0.70    0.933      9.99   0.00000 0.00004 0.00149 0.04943   0.000   0.2959   44721.3596     nan   0.000      281.9   0.1066   (142s)
 0.80    0.926      9.79   0.00000 0.00003 0.00126 0.04647   0.000   0.2993   44721.3596     nan   0.000      285.5   0.1021   (161s)
 0.90    0.922      9.98   0.00000 0.00003 0.00115 0.04484   0.000   0.3047   44721.3596     nan   0.000      300.1   0.0994   (179s)
 1.00    0.918     10.44   0.00000 0.00003 0.00114 0.04429   0.000   0.3148   44721.3596     nan   0.000      326.9   0.0980   (197s)
 1.10    0.915     10.89   0.00000 0.00003 0.00125 0.04457   0.000   0.3306   44721.3596     nan   0.000      367.0   0.0976   (214s)
 1.20    0.913     11.37   0.00000 0.00004 0.00147 0.04541   0.000   0.3548   44721.3596     nan   0.000      436.9   0.0977   (231s)
 1.30    0.911     11.90   0.00000 0.00005 0.00185 0.04657   0.000   0.3848   44721.3596     nan   0.000      526.7   0.0983   (249s)
 1.40    0.911     12.41   0.00000 0.00008 0.00238 0.04792   0.000   0.4218   44721.3596     nan   0.000      648.9   0.0991   (266s)
 1.50    0.910     12.96   0.00000 0.00012 0.00305 0.04946   0.000   0.4587   0.3198    1.43   0.000      787.9   0.1002   (284s)
 1.60    0.911     13.46   0.00001 0.00019 0.00381 0.05126   0.000   0.4496   0.2119    2.12   0.000      802.4   0.1013   (301s)
 1.70    0.912     13.99   0.00001 0.00030 0.00457 0.05338   0.000   0.3289   0.1532    2.15   0.000      490.1   0.1026   (319s)
 1.80    0.913     14.45   0.00002 0.00046 0.00520 0.05573   0.000   0.2734   0.1361    2.01   0.000      350.5   0.1037   (336s)
 1.90    0.915     14.86   0.00003 0.00067 0.00564 0.05814   0.000   0.2595   0.1347    1.93   0.000      322.4   0.1046   (353s)
 2.00    0.916     15.32   0.00004 0.00091 0.00583 0.06036   0.000   0.2546   0.1387    1.84   0.000      318.6   0.1050   (371s)
 2.10    0.918     15.70   0.00006 0.00118 0.00579 0.06222   0.000   0.2504   0.1481    1.69   0.000      322.2   0.1050   (388s)
 2.20    0.920     16.01   0.00009 0.00144 0.00554 0.06368   0.000   0.2470   0.1642    1.50   0.000      323.6   0.1049   (406s)
 2.30    0.923     16.35   0.00011 0.00167 0.00516 0.06485   0.000   0.2448   0.1941    1.26   0.000      323.2   0.1052   (423s)
 2.40    0.925     16.62   0.00014 0.00185 0.00471 0.06593   0.000   0.2499   0.2280    1.10   0.000      329.0   0.1059   (441s)
 2.50    0.928     16.77   0.00017 0.00198 0.00423 0.06716   0.000   0.2503   0.2672    0.94   0.000      337.1   0.1063   (458s)
 2.60    0.930     16.98   0.00019 0.00206 0.00378 0.06877   0.000   0.2521   0.4512    0.56   0.000      349.8   0.1054   (475s)
 2.70    0.933     17.07   0.00021 0.00209 0.00338 0.07092   0.000   0.2572   44721.3596     nan   0.000      351.6   0.1027   (493s)
 2.80    0.936     17.10   0.00022 0.00208 0.00304 0.07374   0.000   0.2600   44721.3596     nan   0.000      367.4   0.0986   (510s)
 2.90    0.939     17.13   0.00023 0.00203 0.00279 0.07726   0.000   0.2641   44721.3596     nan   0.000      377.7   0.0940   (528s)
 3.00    0.943     17.05   0.00023 0.00196 0.00260 0.08145   0.000   0.2689   44721.3596     nan   0.000      377.8   0.0896   (545s)
 3.10    0.947     16.95   0.00022 0.00187 0.00248 0.08623   0.000   0.2711   44721.3596     nan   0.000      388.5   0.0860   (563s)
 3.20    0.950     16.82   0.00021 0.00176 0.00244 0.09142   0.000   0.2752   44721.3596     nan   0.000      396.6   0.0831   (580s)
 3.30    0.954     16.61   0.00020 0.00165 0.00246 0.09682   0.000   0.2733   44721.3596     nan   0.000      394.7   0.0810   (597s)
 3.40    0.959     16.43   0.00019 0.00154 0.00257 0.10225   0.001   0.2693   44721.3596     nan   0.000       58.2   0.0795   (615s)
 3.50    0.963     16.19   0.00017 0.00144 0.00277 0.10755   0.002   0.2664   44721.3596     nan   0.040       60.2   0.0784   (632s)
 3.60    0.967     15.93   0.00016 0.00135 0.00309 0.11261   0.005   0.2670   44721.3596     nan   0.185       62.8   0.0776   (650s)
 3.70    0.972     15.68   0.00014 0.00128 0.00355 0.11739   0.009   0.2650   44721.3596     nan   0.226       67.2   0.0770   (667s)
 3.80    0.976     15.39   0.00013 0.00123 0.00420 0.12185   0.015   0.2626   44721.3596     nan   0.238       74.1   0.0765   (685s)
 3.90    0.981     15.13   0.00011 0.00121 0.00506 0.12596   0.020   0.2626   44721.3596     nan   0.233       74.2   0.0763   (702s)
 4.00    0.986     14.85   0.00010 0.00123 0.00617 0.12966   0.025   0.2570   0.3440    0.75   0.213       69.5   0.0764   (719s)
 4.10    0.991     15.37   0.00008 0.00129 0.00755 0.13288   0.026   0.2647   0.1741    1.52   0.206       69.9   0.0769   (737s)
 4.20    0.997     16.13   0.00007 0.00140 0.00921 0.13555   0.028   0.2727   0.1381    1.97   0.195       71.9   0.0779   (754s)
 4.30    1.002     16.83   0.00006 0.00156 0.01115 0.13758   0.031   0.2788   0.1226    2.27   0.189       72.9   0.0793   (772s)
 4.40    1.007     17.48   0.00006 0.00175 0.01336 0.13890   0.033   0.2818   0.1134    2.48   0.171       76.8   0.0809   (789s)
 4.50    1.013     18.10   0.00005 0.00199 0.01582 0.13948   0.037   0.2847   0.1106    2.58   0.147       83.5   0.0824   (807s)
 4.60    1.018     18.90   0.00005 0.00228 0.01851 0.13932   0.040   0.2987   0.1116    2.68   0.138       82.6   0.0836   (824s)
 4.70    1.024     19.52   0.00006 0.00262 0.02142 0.13846   0.042   0.3164   0.1143    2.77   0.138       75.4   0.0843   (841s)
 4.80    1.029     19.93   0.00007 0.00302 0.02451 0.13700   0.047   0.3371   0.1120    3.01   0.146       82.9   0.0844   (859s)
 4.90    1.034     20.47   0.00008 0.00348 0.02779 0.13507   0.050   0.3738   0.1276    2.93   0.157       80.3   0.0841   (876s)
 5.00    1.039     20.90   0.00011 0.00402 0.03122 0.13282   0.055   0.3979   0.1308    3.04   0.155       66.7   0.0836   (894s)
 5.10    1.043     21.30   0.00014 0.00464 0.03477 0.13044   0.062   0.4496   0.1444    3.11   0.167       65.6   0.0830   (911s)
 5.20    1.047     21.72   0.00017 0.00535 0.03839 0.12810   0.079   0.4706   0.1336    3.52   0.166       60.6   0.0824   (928s)
 5.30    1.051     21.95   0.00022 0.00616 0.04201 0.12596   0.102   0.4573   0.1174    3.90   0.175       59.3   0.0819   (946s)
 5.40    1.054     22.42   0.00028 0.00706 0.04558 0.12410   0.178   0.1435   0.0918    1.56   0.140       51.4   0.0815   (963s)
 5.50    1.056     22.76   0.00035 0.00807 0.04903 0.12256   0.188   0.1245   0.0882    1.41   0.147       49.9   0.0811   (980s)
 5.60    1.057     22.94   0.00043 0.00916 0.05234 0.12136   0.191   0.1165   0.0882    1.32   0.120       46.9   0.0807   (996s)
 5.70    1.058     22.87   0.00053 0.01035 0.05552 0.12045   0.210   0.1140   0.0877    1.30   0.130       47.0   0.0802   (1012s)
 5.80    1.058     22.86   0.00064 0.01159 0.05861 0.11977   0.224   0.1129   0.0979    1.15   0.119       50.2   0.0798   (1028s)
 5.90    1.058     22.82   0.00076 0.01287 0.06168 0.11928   0.240   0.1125   0.0952    1.18   0.128       52.7   0.0794   (1044s)
 6.00    1.056     22.65   0.00090 0.01416 0.06476 0.11895   0.235   0.1157   0.1045    1.11   0.141       52.7   0.0791   (1061s)

clock expires at t = 6.00 (delta 0.0791); strong twist peak 0.01416 at t = 6.00, at the clock 0.01416 (fall 0%); max|w| growth to the clock 2.06x
race variable ell/ell_nu min inside the clock = 0.56 (at t = 2.60); cut fraction at the clock 0.141
C21: Re_seam at the twist peak (t = 6.00) = 52.7; twist peak 0.01416; max|w| at the peak 22.6
REGISTERED C20 at nu=0.002: KILL: the twist is still rising at the clock with the viscous scale resolved
