seam race on GPU: IC=found  N=256^3  nu=0.001  T=3.0  Z0=0.375  clock 2dx=0.0491  device=cuda
   t     Z/Z0    max|w|   twist@0.05 @0.1 @0.2 @0.4   anti    ell     ell_nu   race   cut    Re_seam   delta
 0.00    1.000      7.16   0.00000 0.00000 0.00008 0.00821   0.000   0.6364   0.1843    3.45   0.000     1820.1   0.2255   (1s)
 0.10    1.048      8.18   0.00000 0.00000 0.00011 0.01326   0.000   0.6313   0.0624   10.12   0.000     2017.0   0.0185  <-- past the clock   (19s)
 0.20    1.132      9.74   0.00000 0.00000 0.00036 0.03064   0.000   0.5245   0.0459   11.44   0.000     1657.0   0.0338  <-- past the clock   (38s)
 0.30    1.251     11.17   0.00000 0.00001 0.00147 0.06843   0.000   0.4309   0.0397   10.84   0.000     1304.3   0.1408   (56s)
 0.40    1.402     13.43   0.00000 0.00003 0.00393 0.12871   0.000   0.3672   0.0373    9.83   0.000     1138.9   0.1835   (75s)
 0.50    1.584     15.92   0.00000 0.00008 0.00893 0.20190   0.000   0.3236   0.0377    8.59   0.000     1035.5   0.1461   (94s)
 0.60    1.791     18.30   0.00000 0.00020 0.01766 0.27757   0.000   0.2962   0.0407    7.28   0.000       47.1   0.1176   (112s)
 0.70    2.020     20.57   0.00000 0.00049 0.03087 0.35114   0.008   0.2863   0.0456    6.28   0.000       53.4   0.0973   (130s)
 0.80    2.265     22.52   0.00001 0.00125 0.04990 0.42484   0.030   0.2821   0.0550    5.12   0.016       74.3   0.0823   (147s)
 0.90    2.523     23.94   0.00002 0.00309 0.07786 0.48619   0.074   0.2736   0.0687    3.98   0.059      113.9   0.0708   (164s)
 1.00    2.788     24.78   0.00009 0.00762 0.11951 0.48204   0.176   0.2645   0.0699    3.78   0.067      160.4   0.0649   (182s)
 1.10    3.057     25.21   0.00042 0.01797 0.19415 0.43132   0.291   0.2492   0.0582    4.28   0.100      207.4   0.0599   (200s)
 1.20    3.327     25.80   0.00157 0.03821 0.27409 0.37801   0.401   0.2253   0.0395    5.70   0.183      242.2   0.0536   (223s)
 1.30    3.597     26.85   0.00488 0.07564 0.33128 0.32921   0.520   0.1912   0.0317    6.03   0.250      245.6   0.0492   (246s)
 1.40    3.866     29.09   0.01164 0.12033 0.34513 0.28859   0.636   0.1753   0.0306    5.72   0.236      332.2   0.0493   (271s)
 1.50    4.126     35.23   0.02238 0.16073 0.31655 0.25377   0.711   0.1828   0.0309    5.91   0.161      528.5   0.0492   (294s)
 1.60    4.365     44.95   0.03747 0.17963 0.26961 0.20863   0.722   0.1634   0.0320    5.11   0.145      496.9   0.0512   (316s)
 1.70    4.554     65.66   0.04750 0.16956 0.21248 0.16597   0.787   0.0908   0.0254    3.57   0.090      223.7   0.0451  <-- past the clock   (337s)
 1.80    4.673     75.14   0.04774 0.13558 0.17944 0.14480   0.847   0.0871   0.0259    3.36   0.198      255.8   0.0417  <-- past the clock   (357s)
 1.90    4.742     74.53   0.03367 0.11489 0.16374 0.13527   0.823   0.0722   0.0244    2.96   0.189      196.1   0.0414  <-- past the clock   (377s)
 2.00    4.795     83.98   0.02675 0.09982 0.14792 0.13312   0.928   0.0559   0.0651    0.86   0.247      151.4   0.0417  <-- past the clock   (397s)
 2.10    4.850     82.55   0.02259 0.09013 0.13392 0.13013   0.824   0.0574   0.0453    1.27   0.311      171.2   0.0418  <-- past the clock   (417s)
 2.20    4.904     72.14   0.02166 0.09082 0.13246 0.13467   0.751   0.0783   0.0471    1.66   0.236      272.8   0.0420  <-- past the clock   (438s)
 2.30    4.960     68.39   0.02320 0.09647 0.13875 0.14064   0.707   0.0868   0.0344    2.53   0.249      236.8   0.0426  <-- past the clock   (459s)
 2.40    5.017     67.61   0.02561 0.10570 0.13923 0.14296   0.777   0.0818   0.0340    2.41   0.232      207.2   0.0422  <-- past the clock   (480s)
 2.50    5.067     68.12   0.02736 0.11125 0.13831 0.13328   0.806   0.0837   0.0384    2.18   0.256      228.2   0.0424  <-- past the clock   (501s)
 2.60    5.109     69.42   0.02770 0.10324 0.14017 0.12630   0.846   0.0802   0.0410    1.96   0.274      235.0   0.0429  <-- past the clock   (522s)
 2.70    5.138     67.44   0.02780 0.09331 0.13391 0.11935   0.816   0.0792   0.0400    1.98   0.284      228.1   0.0423  <-- past the clock   (543s)
 2.80    5.149     69.89   0.02546 0.08649 0.13365 0.10873   0.829   0.0817   0.0393    2.08   0.272      253.8   0.0416  <-- past the clock   (564s)
 2.90    5.149     70.83   0.02361 0.08676 0.13208 0.10389   0.814   0.0786   0.0473    1.66   0.256      234.3   0.0410  <-- past the clock   (585s)
 3.00    5.143     69.87   0.02545 0.08907 0.12466 0.09981   0.816   0.0764   0.0420    1.82   0.241      207.0   0.0402  <-- past the clock   (604s)

clock expires at t = 1.60 (delta 0.0512); strong twist peak 0.17963 at t = 1.60, at the clock 0.17963 (fall 0%); max|w| growth to the clock 6.28x
race variable ell/ell_nu min inside the clock = 3.45 (at t = 0.00); cut fraction at the clock 0.145
C21: Re_seam at the twist peak (t = 1.60) = 496.9; twist peak 0.17963; max|w| at the peak 44.9
REGISTERED C20 at nu=0.001: between (see rows)
