found field at /kaggle/input/datasets/anushreekaushal/zef-found/leashed64_dmin030.npz
seam race on GPU: IC=found  N=256^3  nu=0.001  T=1.6  Z0=0.375  clock 2dx=0.0491  device=cuda  FORCE=0
   t     Z/Z0    max|w|   twist@0.05 @0.07 @0.1 @0.14 @0.2 @0.28 @0.4 @0.56   anti    ell     ell_nu   race   cut    Re_seam   delta     E/E0
 0.00    1.000      7.16   0.00000 0.00000 0.00000 0.00001 0.00008 0.00071 0.00821 0.06333   0.000   0.6364   0.1843    3.45   0.000     1820.1   (tail empty)   1.000000   (1s)
 0.05    1.020      7.40   0.00000 0.00000 0.00000 0.00001 0.00009 0.00080 0.00974 0.07387   0.000   0.6340   0.0851    7.45   0.000     1856.7   (tail empty)   0.998776   (10s)
 0.10    1.048      8.18   0.00000 0.00000 0.00000 0.00001 0.00011 0.00111 0.01326 0.09159   0.000   0.6313   0.0624   10.12   0.000     2017.0   (tail empty)   0.997522   (20s)
 0.15    1.086      8.96   0.00000 0.00000 0.00000 0.00002 0.00017 0.00191 0.01989 0.11715   0.000   0.5926   0.0517   11.45   0.000     1936.9   (tail empty)   0.996228   (31s)
 0.20    1.132      9.74   0.00000 0.00000 0.00000 0.00003 0.00036 0.00354 0.03064 0.15004   0.000   0.5245   0.0459   11.44   0.000     1657.0   (tail empty)   0.994884   (41s)
 0.25    1.187     10.47   0.00000 0.00000 0.00000 0.00008 0.00077 0.00631 0.04654 0.18839   0.000   0.4691   0.0420   11.18   0.000     1431.6   (tail empty)   0.993478   (52s)
 0.30    1.251     11.17   0.00000 0.00000 0.00001 0.00018 0.00147 0.01045 0.06843 0.22968   0.000   0.4309   0.0397   10.84   0.000     1304.3   0.2554   0.992000   (62s)
 0.35    1.323     12.23   0.00000 0.00000 0.00001 0.00035 0.00250 0.01642 0.09617 0.27166   0.000   0.3983   0.0382   10.42   0.000     1224.5   0.2222   0.990440   (72s)
 0.40    1.402     13.43   0.00000 0.00000 0.00003 0.00060 0.00393 0.02461 0.12871 0.31273   0.000   0.3672   0.0373    9.83   0.000     1138.9   0.1950   0.988788   (83s)
 0.45    1.489     14.66   0.00000 0.00000 0.00005 0.00094 0.00601 0.03500 0.16447 0.35163   0.000   0.3431   0.0372    9.22   0.000     1076.8   0.1707   0.987035   (93s)
 0.50    1.584     15.92   0.00000 0.00001 0.00008 0.00144 0.00893 0.04738 0.20190 0.38713   0.000   0.3236   0.0377    8.59   0.000     1035.5   0.1478   0.985172   (104s)
 0.55    1.684     17.17   0.00000 0.00001 0.00013 0.00222 0.01278 0.06151 0.23988 0.41790   0.000   0.3089   0.0389    7.94   0.000     1004.9   0.1307   0.983191   (114s)
 0.60    1.791     18.30   0.00000 0.00002 0.00020 0.00335 0.01766 0.07716 0.27757 0.44251   0.000   0.2962   0.0407    7.28   0.000      982.3   0.1176   0.981084   (123s)
 0.65    1.903     19.54   0.00000 0.00004 0.00031 0.00493 0.02365 0.09436 0.31461 0.45922   0.002   0.2901   0.0432    6.72   0.000     1009.0   0.1066   0.978844   (133s)
 0.70    2.020     20.57   0.00000 0.00006 0.00049 0.00705 0.03087 0.11337 0.35114 0.46564   0.008   0.2863   0.0456    6.28   0.000     1025.1   0.0973   0.976465   (142s)
 0.75    2.141     21.60   0.00000 0.00009 0.00079 0.00984 0.03950 0.13451 0.38773 0.45908   0.016   0.2861   0.0497    5.76   0.000       61.4   0.0892   0.973942   (151s)
 0.80    2.265     22.52   0.00001 0.00015 0.00125 0.01350 0.04990 0.15815 0.42484 0.43849   0.030   0.2821   0.0550    5.12   0.016       74.3   0.0823   0.971270   (160s)
 0.85    2.393     23.30   0.00001 0.00027 0.00197 0.01832 0.06256 0.18494 0.46053 0.40672   0.049   0.2772   0.0632    4.39   0.033       92.6   0.0765   0.968444   (169s)
 0.90    2.523     23.94   0.00002 0.00048 0.00309 0.02482 0.07786 0.21641 0.48619 0.36919   0.074   0.2736   0.0687    3.98   0.059      113.9   0.0708   0.965462   (179s)
 0.95    2.655     24.45   0.00004 0.00086 0.00485 0.03350 0.09636 0.25587 0.49236 0.33160   0.116   0.2697   0.0683    3.95   0.070      131.6   0.0667   0.962321   (188s)
 1.00    2.788     24.78   0.00009 0.00153 0.00762 0.04472 0.11951 0.30431 0.48204 0.29817   0.176   0.2645   0.0699    3.78   0.067      160.4   0.0649   0.959019   (197s)
 1.05    2.923     24.98   0.00020 0.00272 0.01188 0.05905 0.15129 0.34887 0.46114 0.27093   0.235   0.2562   0.0657    3.90   0.083      183.5   0.0619   0.955555   (207s)
 1.10    3.057     25.21   0.00042 0.00470 0.01797 0.07845 0.19415 0.37875 0.43132 0.25406   0.291   0.2492   0.0582    4.28   0.100      207.4   0.0599   0.951928   (218s)
 1.15    3.192     25.47   0.00083 0.00776 0.02630 0.10681 0.23803 0.39879 0.39908 0.25738   0.344   0.2411   0.0461    5.23   0.142      225.3   0.0580   0.948138   (229s)
 1.20    3.327     25.80   0.00157 0.01231 0.03821 0.14268 0.27409 0.41118 0.37801 0.25803   0.401   0.2253   0.0395    5.70   0.183      242.1   0.0536   0.944184   (241s)
 1.25    3.462     26.30   0.00281 0.01908 0.05497 0.17829 0.30492 0.41782 0.35673 0.24786   0.459   0.2079   0.0357    5.82   0.226      243.2   0.0500   0.940066   (254s)
 1.30    3.597     26.85   0.00488 0.02873 0.07564 0.21065 0.33128 0.41291 0.32921 0.23825   0.520   0.1912   0.0317    6.03   0.250      245.6   0.0492   0.935785   (267s)
 1.35    3.732     27.58   0.00783 0.04082 0.09796 0.23908 0.34581 0.39222 0.30459 0.22882   0.580   0.1789   0.0302    5.92   0.254      276.4   0.0494   0.931339   (280s)
 1.40    3.866     29.09   0.01164 0.05445 0.12033 0.26014 0.34513 0.36598 0.28859 0.22204   0.636   0.1753   0.0306    5.72   0.236      332.2   0.0493   0.926731   (292s)
 1.45    3.998     32.21   0.01628 0.06952 0.14204 0.27117 0.33394 0.33838 0.27454 0.21849   0.675   0.1822   0.0304    6.00   0.180      441.2   0.0494   0.921961   (305s)
 1.50    4.126     35.23   0.02238 0.08593 0.16073 0.27276 0.31655 0.31043 0.25377 0.20821   0.711   0.1828   0.0309    5.91   0.161      528.5   0.0492   0.917033   (318s)
 1.55    4.250     39.13   0.02969 0.10191 0.17414 0.26709 0.29432 0.28280 0.23147 0.19247   0.724   0.1798   0.0342    5.25   0.153      568.3   0.0504   0.911951   (330s)
 1.60    4.365     44.95   0.03747 0.11411 0.17963 0.25644 0.26961 0.25350 0.20863 0.17321   0.722   0.1634   0.0320    5.11   0.145      496.8   0.0512   0.906724   (341s)
snapshots written to /kaggle/working/snaps_found_nu0.001.npz

C22 descent: separation -> peak twist, peak time (clock expires at t = 1.60)
   sep 0.05   peak 0.03747 at t = 1.60   (at the clock or at t = 0: not a peak)
   sep 0.07   peak 0.11411 at t = 1.60   (at the clock or at t = 0: not a peak)
   sep 0.10   peak 0.17963 at t = 1.60   (at the clock or at t = 0: not a peak)
   sep 0.14   peak 0.27276 at t = 1.50
   sep 0.20   peak 0.34581 at t = 1.35
   sep 0.28   peak 0.41782 at t = 1.25
   sep 0.40   peak 0.49236 at t = 0.95
   sep 0.56   peak 0.46564 at t = 0.70
   halving times (time for the wave to descend one octave), from resolved peaks only:
      0.56 -> 0.40 : 0.25  per octave 0.52
      0.40 -> 0.28 : 0.30  per octave 0.58
      0.28 -> 0.20 : 0.10  per octave 0.21
      0.20 -> 0.14 : 0.15  per octave 0.29
   V: gap = 0.518 (1.76 - t) from sep >= 0.1, T* = 1.76; thickness e-fold 0.81 fitted on t in [0.30, 1.60]; arms meet at t = 1.70, scale 0.032, sqrt(nu/s) there 0.032 (beyond the clock)

clock expires at t = 1.60 (delta 0.0512); strong twist peak 0.17963 at t = 1.60, at the clock 0.17963 (fall 0%); max|w| growth to the clock 6.28x
race variable ell/ell_nu min inside the clock = 3.45 (at t = 0.00); cut fraction at the clock 0.145
C21: Re_seam at the twist peak (t = 1.60) = 496.8; twist peak 0.17963; max|w| at the peak 44.9
REGISTERED C20 at nu=0.001: between (see rows)
