seam race on GPU: IC=found  N=256^3  nu=0.002  T=3.0  Z0=0.375  clock 2dx=0.0491  device=cuda
   t     Z/Z0    max|w|    twist(strong)   anti    ell     ell_nu    race=ell/ell_nu   cut     delta
 0.00    1.000      7.16    0.00000        0.000   0.6364   0.2607       2.44          0.000   0.2255   (1s)
 0.10    1.045      8.16    0.00000        0.000   0.6315   0.0884       7.14          0.000   0.0224  <-- past the clock   (19s)
 0.20    1.123      9.68    0.00000        0.000   0.5265   0.0652       8.08          0.000   0.0386  <-- past the clock   (37s)
 0.30    1.234     11.06    0.00000        0.000   0.4333   0.0565       7.66          0.000   0.1448   (56s)
 0.40    1.373     13.17    0.00000        0.000   0.3718   0.0532       6.99          0.000   0.1930   (74s)
 0.50    1.536     15.45    0.00000        0.000   0.3282   0.0536       6.13          0.000   0.1590   (93s)
 0.60    1.718     17.57    0.00000        0.000   0.3026   0.0574       5.27          0.000   0.1321   (110s)
 0.70    1.911     19.48    0.00000        0.000   0.2933   0.0642       4.57          0.000   0.1136   (128s)
 0.80    2.109     21.05    0.00000        0.000   0.2933   0.0743       3.95          0.000   0.1001   (145s)
 0.90    2.306     22.20    0.00001        0.000   0.2963   0.0922       3.22          0.000   0.0897   (162s)
 1.00    2.494     22.79    0.00005        0.000   0.2917   0.0960       3.04          0.000   0.0831   (180s)
 1.10    2.668     22.85    0.00015        0.002   0.2779   0.0816       3.41          0.817   0.0780   (198s)
 1.20    2.825     22.63    0.00051        0.013   0.2603   0.0653       3.99          0.821   0.0746   (218s)
 1.30    2.962     23.04    0.00170        0.035   0.2371   0.0568       4.17          0.771   0.0680   (240s)
 1.40    3.077     24.07    0.00417        0.056   0.2170   0.0505       4.29          0.685   0.0688   (262s)
 1.50    3.163     25.11    0.00762        0.081   0.2049   0.0511       4.01          0.626   0.0689   (285s)
 1.60    3.209     28.99    0.01216        0.100   0.2072   0.0535       3.87          0.657   0.0692   (304s)
 1.70    3.207     35.12    0.01473        0.133   0.2024   0.0524       3.86          0.807   0.0660   (323s)
 1.80    3.161     41.14    0.01329        0.083   0.2226   0.0858       2.59          0.810   0.0587   (341s)
 1.90    3.091     39.51    0.01124        0.080   0.2060   0.0827       2.49          0.609   0.0572   (360s)
 2.00    3.014     35.99    0.00791        0.075   0.1936   0.0611       3.17          0.611   0.0579   (379s)
 2.10    2.941     37.12    0.00558        0.049   0.1884   0.0615       3.07          0.532   0.0585   (397s)
 2.20    2.877     35.11    0.00442        0.040   0.1831   0.0789       2.32          0.457   0.0602   (416s)
 2.30    2.822     33.60    0.00436        0.038   0.1798   0.0804       2.23          0.371   0.0624   (434s)
 2.40    2.769     32.92    0.00516        0.042   0.1766   0.0780       2.26          0.511   0.0641   (452s)
 2.50    2.714     32.50    0.00607        0.041   0.1688   0.0747       2.26          0.631   0.0626   (468s)
 2.60    2.656     33.34    0.00642        0.038   0.1669   0.0734       2.27          0.716   0.0616   (485s)
 2.70    2.597     33.78    0.00586        0.033   0.1621   0.0691       2.34          0.679   0.0623   (502s)
 2.80    2.537     33.68    0.00489        0.024   0.1602   0.0690       2.32          0.641   0.0627   (520s)
 2.90    2.479     33.37    0.00410        0.018   0.1590   0.0852       1.87          0.606   0.0633   (536s)
 3.00    2.421     32.53    0.00376        0.016   0.1556   0.1043       1.49          0.649   0.0643   (552s)

clock expires at t = 3.00 (delta 0.0643); strong twist peak 0.01473 at t = 1.70, at the clock 0.00376 (fall 74%); max|w| growth to the clock 4.55x
race variable ell/ell_nu min inside the clock = 1.49 (at t = 3.00); cut fraction at the clock 0.649
REGISTERED C20 at nu=0.002: between (see rows)
