seam race on GPU: IC=found  N=256^3  nu=0.01  T=3.0  Z0=0.375  clock 2dx=0.0491  device=cuda
   t     Z/Z0    max|w|    twist(strong)   anti    ell     ell_nu    race=ell/ell_nu   cut     delta
 0.00    1.000      7.16    0.00000        0.000   0.6364   0.5829       1.09          0.000   0.2255   (1s)
 0.10    1.015      8.00    0.00000        0.000   0.6334   0.2013       3.15          0.000   0.0318  <-- past the clock   (18s)
 0.20    1.053      9.23    0.00000        0.000   0.5413   0.1508       3.59          0.000   0.0441  <-- past the clock   (36s)
 0.30    1.107     10.20    0.00000        0.000   0.4515   0.1327       3.40          0.000   0.1185   (55s)
 0.40    1.167     11.44    0.00000        0.000   0.4027   0.1257       3.20          0.000   0.1925   (74s)
 0.50    1.225     12.63    0.00000        0.000   0.3645   0.1250       2.92          0.000   0.2220   (91s)
 0.60    1.271     13.50    0.00000        0.000   0.3405   0.1299       2.62          0.000   0.2231   (108s)
 0.70    1.302     14.04    0.00000        0.000   0.3259   0.1381       2.36          0.000   0.2163   (124s)
 0.80    1.314     14.34    0.00000        0.000   0.3248   0.1477       2.20          0.000   0.2108   (141s)
 0.90    1.307     14.41    0.00001        0.000   0.3278   0.1580       2.07          0.000   0.2060   (157s)
 1.00    1.282     14.28    0.00001        0.000   0.3309   0.1679       1.97          0.000   0.2024   (173s)
 1.10    1.240     13.99    0.00002        0.000   0.3324   0.1759       1.89          0.000   0.2011   (189s)
 1.20    1.184     13.54    0.00004        0.000   0.3332   0.1935       1.72          0.000   0.2020   (205s)
 1.30    1.119     12.98    0.00007        0.000   0.3315   0.2133       1.55          0.000   0.2047   (221s)
 1.40    1.047     12.51    0.00011        0.000   0.3236   0.2290       1.41          0.000   0.2080   (237s)
 1.50    0.972     12.16    0.00013        0.000   0.3209   0.2333       1.38          0.000   0.2095   (254s)
 1.60    0.898     11.78    0.00015        0.000   0.3227   0.2227       1.45          0.000   0.2092   (270s)
 1.70    0.827     11.36    0.00013        0.000   0.3261   0.2156       1.51          0.000   0.2082   (286s)
 1.80    0.761     10.93    0.00009        0.000   0.3321   0.2155       1.54          0.000   0.2067   (302s)
 1.90    0.701     10.49    0.00005        0.000   0.3356   0.2289       1.47          0.000   0.2061   (318s)
 2.00    0.648     10.06    0.00003        0.000   0.3438   0.2548       1.35          0.000   0.2072   (334s)
 2.10    0.600      9.69    0.00002        0.000   0.3509   0.2966       1.18          0.000   0.2099   (350s)
 2.20    0.558      9.35    0.00001        0.000   0.3544   0.3284       1.08          0.000   0.2135   (367s)
 2.30    0.521      9.07    0.00001        0.000   0.3582   0.3568       1.00          0.000   0.2171   (383s)
 2.40    0.487      8.82    0.00001        0.000   0.3610   0.3909       0.92          0.000   0.2193   (399s)
 2.50    0.457      8.60    0.00001        0.000   0.3702   0.4125       0.90          0.000   0.2190   (415s)
 2.60    0.430      8.41    0.00000        0.000   0.3782   0.4258       0.89          0.000   0.2176   (431s)
 2.70    0.406      8.20    0.00000        0.000   0.3860   0.4156       0.93          0.000   0.2170   (447s)
 2.80    0.385      7.96    0.00000        0.000   0.3893   0.4028       0.97          0.000   0.2177   (463s)
 2.90    0.365      7.70    0.00000        0.000   0.3911   0.3898       1.00          0.000   0.2196   (480s)
 3.00    0.347      7.41    0.00000        0.000   0.3939   0.3843       1.02          0.000   0.2225   (496s)

clock expires at t = 3.00 (delta 0.2225); strong twist peak 0.00015 at t = 1.60, at the clock 0.00000 (fall 98%); max|w| growth to the clock 1.04x
race variable ell/ell_nu min inside the clock = 0.89 (at t = 2.60); cut fraction at the clock 0.000
REGISTERED C20 at nu=0.01: PASS: the seam reaches its viscous thickness and the twist turns over
