seam race on GPU: IC=pair  N=256^3  nu=0.002  T=3.0  Z0=0.375  clock 2dx=0.0491  device=cuda
   t     Z/Z0    max|w|    twist(strong)   anti    ell     ell_nu    race=ell/ell_nu   cut     delta
 0.00    1.000      6.55    0.00000        0.000   0.4127   44721.3596       0.00          0.000   0.0153  <-- past the clock   (0s)
 0.10    0.996      6.53    0.00000        0.000   0.4142   0.3067       1.35          0.000   0.0223  <-- past the clock   (22s)
 0.20    0.992      6.49    0.00000        0.000   0.4144   0.2330       1.78          0.000   0.0196  <-- past the clock   (43s)
 0.30    0.988      6.45    0.00000        0.000   0.4152   0.2158       1.92          0.000   0.0182  <-- past the clock   (64s)
 0.40    0.984      6.40    0.00000        0.000   0.4166   0.2239       1.86          0.000   0.0356  <-- past the clock   (83s)
 0.50    0.981      6.34    0.00000        0.000   0.4186   0.2692       1.55          0.000   0.0831   (103s)
 0.60    0.977      6.29    0.00000        0.000   0.4227   0.3938       1.07          0.000   0.1348   (123s)
 0.70    0.973      6.38    0.00000        0.000   0.4355   44721.3596       0.00          0.000   0.1656   (142s)
 0.80    0.970      6.47    0.00000        0.000   0.4497   44721.3596       0.00          0.000   0.1760   (160s)
 0.90    0.968      6.58    0.00000        0.000   0.4651   44721.3596       0.00          0.000   0.1721   (179s)
 1.00    0.966      6.68    0.00000        0.000   0.4774   44721.3596       0.00          0.000   0.1647   (197s)
 1.10    0.965      6.80    0.00000        0.000   0.4890   44721.3596       0.00          0.000   0.1587   (215s)
 1.20    0.965      6.91    0.00000        0.000   0.4973   44721.3596       0.00          0.000   0.1544   (232s)
 1.30    0.965      7.02    0.00000        0.000   0.5019   44721.3596       0.00          0.000   0.1516   (250s)
 1.40    0.966      7.13    0.00000        0.000   0.5008   44721.3596       0.00          0.000   0.1500   (267s)
 1.50    0.967      7.22    0.00000        0.000   0.5007   44721.3596       0.00          0.000   0.1494   (284s)
 1.60    0.969      7.31    0.00000        0.000   0.5010   44721.3596       0.00          0.000   0.1494   (302s)
 1.70    0.971      7.38    0.00000        0.000   0.5032   44721.3596       0.00          0.000   0.1500   (319s)
 1.80    0.973      7.43    0.00000        0.000   0.5065   44721.3596       0.00          0.000   0.1510   (337s)
 1.90    0.976      7.47    0.00000        0.000   0.5113   44721.3596       0.00          0.000   0.1523   (354s)
 2.00    0.978      7.49    0.00000        0.000   0.5174   44721.3596       0.00          0.000   0.1537   (371s)
 2.10    0.981      7.50    0.00000        0.000   0.5248   44721.3596       0.00          0.000   0.1553   (389s)
 2.20    0.984      7.50    0.00000        0.000   0.5329   44721.3596       0.00          0.000   0.1570   (406s)
 2.30    0.987      7.47    0.00000        0.000   0.5380   44721.3596       0.00          0.000   0.1588   (424s)
 2.40    0.990      7.44    0.00000        0.000   0.5442   1.3428       0.41          0.000   0.1605   (441s)
 2.50    0.992      7.43    0.00000        0.000   0.5423   0.5333       1.02          0.000   0.1621   (458s)
 2.60    0.995      7.42    0.00000        0.000   0.5405   0.6497       0.83          0.000   0.1637   (477s)
 2.70    0.997      7.42    0.00000        0.000   0.5410   44721.3596       0.00          0.000   0.1644   (496s)
 2.80    1.000      7.41    0.00000        0.000   0.5417   44721.3596       0.00          0.000   0.1644   (514s)
 2.90    1.001      7.39    0.00000        0.000   0.5438   44721.3596       0.00          0.000   0.1639   (533s)
 3.00    1.003      7.35    0.00000        0.000   0.5479   44721.3596       0.00          0.000   0.1614   (551s)

clock expires at t = 3.00 (delta 0.1614); strong twist peak 0.00000 at t = 0.00, at the clock 0.00000 (fall 35%); max|w| growth to the clock 1.12x
race variable ell/ell_nu min inside the clock = 0.00 (at t = 0.00); cut fraction at the clock 0.000
REGISTERED C20 at nu=0.002: PASS: the seam reaches its viscous thickness and the twist turns over
