seam race on GPU: IC=found  N=320^3  nu=0.002  T=2.4  Z0=0.375  clock 2dx=0.0393  device=cuda  FORCE=0 (steady)
   t     Z/Z0    max|w|   twist@0.05 @0.07 @0.1 @0.14 @0.2 @0.28 @0.4 @0.56   anti    ell     ell_nu   race   cut    Re_seam   delta     E/E0   | material|w|  gap   jump   flip   dgap/dt(u) dgap/dt(pair) dgap/dt(sheets) flipped@  kappa  C_LIA   delta_m  s_m    n_m    wind   C_around/|w|  axes
 0.00    1.000      7.16   0.00000 0.00000 0.00000 0.00001 0.00008 0.00080 0.00821 0.06609   0.000   0.6366   0.2607    2.44   0.000      910.7   (tail empty)   1.000000   (2s)
 0.05    1.018      7.40   0.00000 0.00000 0.00000 0.00001 0.00009 0.00091 0.00973 0.07695   0.000   0.6342   0.1204    5.27   0.000      927.6   (tail empty)   0.997554   (25s)
 0.10    1.045      8.16   0.00000 0.00000 0.00000 0.00001 0.00011 0.00126 0.01322 0.09504   0.000   0.6316   0.0884    7.15   0.000     1005.4   (tail empty)   0.995053   (48s)
 0.15    1.080      8.93   0.00000 0.00000 0.00000 0.00001 0.00017 0.00214 0.01974 0.12084   0.000   0.5933   0.0733    8.09   0.000      967.7   (tail empty)   0.992478   (73s)
 0.20    1.123      9.68   0.00000 0.00000 0.00000 0.00002 0.00036 0.00391 0.03029 0.15368   0.000   0.5263   0.0651    8.08   0.000      829.1   (tail empty)   0.989807   (98s)
 0.25    1.175     10.39   0.00000 0.00000 0.00000 0.00004 0.00075 0.00688 0.04579 0.19152   0.000   0.4709   0.0597    7.89   0.000      716.5   (tail empty)   0.987021   (123s)
 0.30    1.234     11.06   0.00000 0.00000 0.00000 0.00010 0.00143 0.01126 0.06703 0.23185   0.000   0.4336   0.0565    7.68   0.000      653.5   (tail empty)   0.984102   (148s)
 0.35    1.300     12.04   0.00000 0.00000 0.00001 0.00020 0.00241 0.01753 0.09385 0.27251   0.000   0.4015   0.0544    7.38   0.000      613.0   (tail empty)   0.981030   (173s)
 0.40    1.373     13.17   0.00000 0.00000 0.00002 0.00035 0.00377 0.02601 0.12527 0.31201   0.000   0.3720   0.0532    6.99   0.000      573.4   0.2026   0.977789   (198s)
 0.45    1.452     14.32   0.00000 0.00001 0.00005 0.00056 0.00571 0.03666 0.15986 0.34923   0.000   0.3476   0.0529    6.57   0.000      541.4   0.1790   0.974363   (223s)
 0.50    1.536     15.45   0.00000 0.00001 0.00008 0.00085 0.00839 0.04926 0.19624 0.38303   0.000   0.3287   0.0537    6.13   0.000      518.3   0.1581   0.970740   (245s)
 0.55    1.625     16.56   0.00000 0.00002 0.00012 0.00128 0.01191 0.06354 0.23346 0.41220   0.000   0.3140   0.0551    5.70   0.000      503.0   0.1409   0.966906   (268s)
 0.60    1.718     17.60   0.00000 0.00004 0.00019 0.00193 0.01632 0.07931 0.27087 0.43541   0.000   0.3031   0.0575    5.27   0.000      494.6   0.1284   0.962852   (290s)
 0.65    1.813     18.58   0.00001 0.00005 0.00028 0.00283 0.02169 0.09668 0.30814 0.45115   0.001   0.2971   0.0601    4.94   0.000      499.4   0.1190   0.958569   (313s)
 0.70    1.911     19.50   0.00001 0.00008 0.00042 0.00406 0.02810 0.11600 0.34531 0.45756   0.004   0.2941   0.0641    4.59   0.000      512.2   0.1119   0.954052   (336s)
 0.75    2.010     20.33   0.00001 0.00013 0.00064 0.00567 0.03571 0.13774 0.38258 0.45269   0.009   0.2944   0.0689    4.28   0.000      533.0   0.1062   0.949296   (358s)
 0.80    2.109     21.04   0.00002 0.00020 0.00097 0.00778 0.04487 0.16240 0.41982 0.43579   0.018   0.2933   0.0740    3.96   0.028       34.0   0.1008   0.944299   (381s)
 0.85    2.208     21.67   0.00004 0.00032 0.00146 0.01053 0.05614 0.19060 0.45528 0.40880   0.029   0.2951   0.0824    3.58   0.092       40.8   0.0955   0.939061   (403s)
 0.90    2.306     22.18   0.00006 0.00051 0.00217 0.01420 0.07014 0.22340 0.48350 0.37593   0.044   0.2960   0.0902    3.28   0.150       48.7   0.0905   0.933585   (426s)
 0.95    2.401     22.56   0.00011 0.00081 0.00323 0.01926 0.08753 0.26221 0.49716 0.34191   0.067   0.2960   0.0982    3.01   0.211       55.8   0.0864   0.927875   (448s)
lagrangian: 4000 particles seeded on the high set at t = 1.00; sheets A/B = 2815/1185
 1.00    2.494     22.81   0.00018 0.00128 0.00479 0.02625 0.10938 0.30639 0.49431 0.31066   0.102   0.2911   0.0981    2.97   0.288       62.7   0.0829   0.921936   |    13.16   0.2735   1.0261   0.000   -0.3583  -0.1648  -0.3106    -       0.78  -0.754   0.3235  +0.622  +0.012  0.000   +0.010  0.48   (473s)
 1.05    2.583     22.90   0.00031 0.00203 0.00716 0.03581 0.13747 0.34907 0.47864 0.28463   0.149   0.2844   0.0901    3.16   0.353       75.7   0.0798   0.915777   |    13.40   0.2573   1.0504   0.000   -0.3372  -0.1580  -0.2927    -       0.87  -0.669   0.3113  +0.651  -0.004  0.006   +0.013  0.49   (497s)
 1.10    2.668     22.86   0.00054 0.00321 0.01075 0.04880 0.17277 0.38181 0.45346 0.26680   0.198   0.2772   0.0806    3.44   0.405       86.9   0.0778   0.909406   |    13.61   0.2418   1.0606   0.000   -0.3107  -0.1510  -0.2618    -       0.99  -0.596   0.3087  +0.639  -0.040  0.012   +0.016  0.50   (524s)
 1.15    2.749     22.73   0.00092 0.00511 0.01608 0.06650 0.21161 0.40342 0.42309 0.26249   0.242   0.2698   0.0714    3.78   0.435       95.3   0.0754   0.902833   |    13.76   0.2279   1.0741   0.000   -0.2828  -0.1356  -0.2368    -       1.14  -0.487   0.3090  +0.654  -0.117  0.017   +0.020  0.50   (550s)
 1.20    2.825     22.64   0.00158 0.00811 0.02383 0.08943 0.24749 0.41589 0.39594 0.26560   0.289   0.2610   0.0661    3.95   0.449      105.2   0.0747   0.896070   |    13.90   0.2145   1.0873   0.000   -0.2603  -0.1355  -0.2120    -       1.29  -0.451   0.3057  +0.630  -0.154  0.023   +0.029  0.51   (579s)
 1.25    2.896     22.72   0.00271 0.01264 0.03450 0.11555 0.27768 0.42046 0.37466 0.26097   0.342   0.2496   0.0602    4.15   0.444      115.8   0.0741   0.889128   |    13.97   0.2016   1.0935   0.000   -0.2291  -0.1247  -0.1922    -       1.46  -0.388   0.2894  +0.686  -0.258  0.028   +0.039  0.51   (608s)
 1.30    2.962     23.15   0.00449 0.01886 0.04765 0.14143 0.30215 0.41646 0.35161 0.25106   0.395   0.2392   0.0566    4.22   0.437      131.8   0.0710   0.882019   |    14.02   0.1907   1.0937   0.000   -0.1946  -0.1220  -0.1625    -       1.61  -0.363   0.2800  +0.647  -0.286  0.032   +0.050  0.51   (637s)
 1.35    3.023     23.62   0.00693 0.02636 0.06181 0.16480 0.31880 0.40124 0.32585 0.24053   0.446   0.2321   0.0563    4.12   0.409      148.9   0.0681   0.874756   |    14.00   0.1798   1.0980   0.000   -0.1902  -0.1166  -0.1558    -       1.78  -0.333   0.2657  +0.678  -0.285  0.036   +0.042  0.51   (669s)
 1.40    3.077     24.11   0.00984 0.03436 0.07558 0.18404 0.32384 0.37662 0.30155 0.22957   0.492   0.2241   0.0535    4.19   0.366      167.6   0.0671   0.867355   |    13.95   0.1708   1.1066   0.000   -0.1651  -0.1032  -0.1397    -       1.99  -0.274   0.2561  +0.662  -0.351  0.039   +0.041  0.50   (700s)
 1.45    3.124     24.64   0.01306 0.04239 0.08817 0.19728 0.31707 0.34826 0.28308 0.22069   0.533   0.2146   0.0510    4.21   0.334      171.7   0.0678   0.859830   |    13.89   0.1630   1.0812   0.000   -0.1490  -0.0931  -0.1244    -       2.12  -0.249   0.2355  +0.713  -0.464  0.042   +0.040  0.50   (729s)
 1.50    3.163     25.15   0.01667 0.05026 0.09884 0.20333 0.30263 0.31982 0.26632 0.21437   0.565   0.2037   0.0502    4.06   0.339      169.2   0.0683   0.852202   |    13.81   0.1567   1.0615   0.000   -0.1252  -0.0855  -0.1074    -       2.30  -0.223   0.2238  +0.650  -0.400  0.045   +0.045  0.49   (758s)
 1.55    3.191     26.70   0.02063 0.05744 0.10648 0.20257 0.28433 0.29367 0.24675 0.20480   0.592   0.2013   0.0494    4.08   0.349      185.7   0.0679   0.844491   |    13.60   0.1544   1.0208   0.000   -0.0886  -0.0616  -0.0739    -       2.46  -0.159   0.2099  +0.613  -0.355  0.048   +0.043  0.49   (787s)
 1.60    3.209     29.11   0.02445 0.06275 0.11001 0.19696 0.26431 0.26953 0.22755 0.19177   0.610   0.2053   0.0492    4.18   0.367      211.4   0.0665   0.836724   |    13.28   0.1542   0.9890   0.000   -0.0683  -0.0457  -0.0590    -       2.66  -0.113   0.1969  +0.626  -0.333  0.050   +0.044  0.48   (814s)
 1.65    3.214     32.07   0.02717 0.06508 0.10944 0.18870 0.24422 0.24580 0.20973 0.17716   0.616   0.2083   0.0490    4.25   0.390      227.7   0.0653   0.828929   |    12.90   0.1522   0.9442   0.001   -0.0578  -0.0325  -0.0499    -       2.94  -0.077   0.1851  +0.577  -0.327  0.052   +0.048  0.47   (840s)
 1.70    3.207     35.43   0.02799 0.06436 0.10616 0.17832 0.22285 0.22409 0.19331 0.16421   0.601   0.2095   0.0513    4.08   0.406      256.4   0.0639   0.821136   |    12.50   0.1509   0.9034   0.001   -0.0167  -0.0163  -0.0109    -       3.20  -0.037   0.1769  +0.557  -0.322  0.054   +0.052  0.47   (867s)
 1.75    3.188     38.77   0.02707 0.06190 0.10131 0.16476 0.20111 0.20562 0.18043 0.15492   0.557   0.2165   0.0568    3.81   0.397      268.1   0.0616   0.813377   |    11.99   0.1515   0.8684   0.006   -0.0158  -0.0091  -0.0090    -       3.41  -0.020   0.1715  +0.604  -0.346  0.056   +0.055  0.46   (891s)
 1.80    3.160     41.59   0.02540 0.05840 0.09440 0.14883 0.18298 0.19179 0.17193 0.14705   0.504   0.2192   0.0712    3.08   0.384      256.1   0.0583   0.805674   |    11.40   0.1510   0.8538   0.014   -0.0027  -0.0063  -0.0017    -       3.59  -0.014   0.1686  +0.628  -0.359  0.058   +0.063  0.46   (915s)
 1.85    3.127     42.10   0.02349 0.05356 0.08537 0.13384 0.17041 0.18284 0.16548 0.14049   0.489   0.2217   0.0823    2.69   0.384      255.1   0.0553   0.798044   |    10.96   0.1529   0.8409   0.022   +0.0238  -0.0034  +0.0243   0.77     3.53  -0.008   0.1642  +0.726  -0.378  0.061   +0.067  0.46   (939s)
 1.90    3.091     40.56   0.02114 0.04756 0.07567 0.12191 0.16239 0.17723 0.16028 0.13723   0.494   0.2166   0.0802    2.70   0.435      249.3   0.0538   0.790500   |    10.63   0.1567   0.8213   0.029   +0.0414  -0.0002  +0.0394   0.67     3.38  -0.000   0.1601  +0.708  -0.347  0.064   +0.076  0.45   (966s)
 1.95    3.052     37.80   0.01828 0.04135 0.06703 0.11315 0.15680 0.17320 0.15594 0.13642   0.492   0.2046   0.0652    3.14   0.475      217.8   0.0536   0.783047   |    10.29   0.1602   0.8002   0.039   +0.0299  -0.0037  +0.0298   0.62     3.28  -0.009   0.1555  +0.749  -0.400  0.066   +0.077  0.45   (992s)
 2.00    3.014     36.27   0.01541 0.03600 0.06030 0.10680 0.15212 0.16946 0.15323 0.13596   0.467   0.1978   0.0613    3.23   0.486      188.8   0.0542   0.775688   |    10.06   0.1629   0.7708   0.048   +0.0472  +0.0009  +0.0438   0.64     3.32  +0.002   0.1536  +0.769  -0.396  0.068   +0.077  0.45   (1019s)
 2.05    2.976     36.81   0.01306 0.03190 0.05529 0.10202 0.14768 0.16531 0.15252 0.13531   0.420   0.1948   0.0620    3.14   0.450      187.5   0.0551   0.768422   |     9.86   0.1672   0.7412   0.059   +0.0506  +0.0051  +0.0472   0.79     3.41  +0.012   0.1514  +0.720  -0.383  0.071   +0.082  0.45   (1046s)
 2.10    2.941     36.83   0.01128 0.02881 0.05155 0.09825 0.14323 0.16090 0.15290 0.13567   0.385   0.1945   0.0647    3.01   0.424      189.1   0.0559   0.761245   |     9.56   0.1698   0.7270   0.069   +0.0592  +0.0072  +0.0530   1.05     3.47  +0.017   0.1496  +0.685  -0.337  0.074   +0.084  0.45   (1070s)
 2.15    2.908     36.24   0.01000 0.02655 0.04889 0.09520 0.13890 0.15676 0.15281 0.13824   0.382   0.1904   0.0699    2.72   0.412      183.0   0.0564   0.754150   |     9.32   0.1737   0.7172   0.080   +0.0558  +0.0076  +0.0542   1.18     3.55  +0.017   0.1459  +0.665  -0.301  0.077   +0.084  0.45   (1094s)
 2.20    2.877     35.31   0.00919 0.02516 0.04730 0.09275 0.13500 0.15356 0.15159 0.14254   0.398   0.1866   0.0743    2.51   0.395      184.6   0.0569   0.747132   |     9.13   0.1756   0.7099   0.092   +0.0569  +0.0070  +0.0559   1.25     3.48  +0.016   0.1446  +0.720  -0.310  0.081   +0.074  0.46   (1118s)
 2.25    2.849     34.69   0.00888 0.02474 0.04682 0.09106 0.13221 0.15147 0.14966 0.14670   0.409   0.1853   0.0813    2.28   0.379      186.7   0.0575   0.740185   |     8.88   0.1783   0.7011   0.107   +0.0468  +0.0062  +0.0398   1.27     3.58  +0.014   0.1427  +0.709  -0.311  0.085   +0.077  0.46   (1142s)
 2.30    2.822     33.92   0.00907 0.02523 0.04725 0.09033 0.13125 0.14940 0.14770 0.14912   0.412   0.1835   0.0826    2.22   0.374      189.3   0.0582   0.733305   |     8.74   0.1822   0.6841   0.119   +0.0480  +0.0050  +0.0452   1.30     3.62  +0.011   0.1424  +0.660  -0.303  0.090   +0.071  0.46   (1167s)
 2.35    2.796     33.12   0.00967 0.02631 0.04825 0.09072 0.13206 0.14723 0.14636 0.14929   0.407   0.1807   0.0794    2.28   0.388      173.3   0.0591   0.726490   |     8.63   0.1848   0.6624   0.130   +0.0381  +0.0044  +0.0313   1.27     3.63  +0.010   0.1394  +0.669  -0.315  0.095   +0.065  0.47   (1191s)
 2.40    2.769     32.81   0.01050 0.02761 0.04950 0.09210 0.13352 0.14558 0.14591 0.14767   0.396   0.1773   0.0754    2.35   0.425      156.7   0.0601   0.719739   |     8.47   0.1851   0.6389   0.138   +0.0283  +0.0032  +0.0238   1.33     3.70  +0.007   0.1357  +0.651  -0.288  0.099   +0.057  0.47   (1215s)

C26 Lagrangian: gap 0.2735 -> 0.1509 (min at t = 1.70, inside the clock 2.40); linear fit T* = 1.98, lambda = 0.99; jump 1.0261 at seed -> max 1.1066 before the merge (x1.08); material |w| 13.2 -> 14.0
C29 who closes the gap: on the descent the measured closing rate (u) is -0.1924 median (finite-difference of the gap -0.1914), the self-induced rate (u_H) -0.1193: self-induced share 0.59
REGISTERED C29: between (share 0.59)
C30/C31 three masks on the descent: closing rate from the pair (>0.5 max) -0.1193, the whole sheets (>0.1 max) -0.1592, full -0.1924 -> shares pair 0.59, sheets 0.84, far field 0.16 (far share first -> last: 0.13 -> 0.14); curvature kappa 0.78 -> 2.94; C_LIA = rate_pair/(jump kappa gap) median -0.348, max/min -
REGISTERED C30: between
REGISTERED C31: between (far share 0.16, trend +0.00)
flipped fluid sits at 1.11 of the gap from the other sheet (median over the post-merge rows): threads beside them
C32 closing law: k = -dgap/dt / (gap - delta) on the descent: median 1.66, spread 0.66..1.90 over 14 rows (t 1.00-1.65)
C37: analysis failed (name 'last' is not defined)
C36 the roll: winding of the tagged fluid 0.099 turns at the clock (t = 2.40); in-plane strain flips sign at t = 1.05; winding rate over the last rows 0.089 turns/unit vs |w|_m/(4 pi) = 0.691 (ratio 0.13)
REGISTERED C36: between (0.10 turn, ratio 0.13)
C34 strain budget on the material sheets (t 1.00-1.65): d log|w|/dt = -0.015 ; thinning n.S.n = +0.646 (material thickness thins at 0.868) ; narrowing t.S.t = -0.240 ; sum +0.406 ; residual -0.421 (2813% of the growth)
REGISTERED C34: KILL: a residual of 2813% - something outside the strain budget
C28 flip: fraction of tagged particles with reversed omega . xi_ref: 0.000 at seed -> 0.001 at the merge -> 0.138 at the clock; gap after the merge re-opens, no second closing inside the clock
REGISTERED C28: between
REGISTERED C26: PASS: linear closing, bounded jump

C22 descent: separation -> peak twist, peak time (clock expires at t = 2.40)
   sep 0.05   peak 0.02799 at t = 1.70
   sep 0.07   peak 0.06508 at t = 1.65
   sep 0.10   peak 0.11001 at t = 1.60
   sep 0.14   peak 0.20333 at t = 1.50
   sep 0.20   peak 0.32384 at t = 1.40
   sep 0.28   peak 0.42046 at t = 1.25
   sep 0.40   peak 0.49716 at t = 0.95
   sep 0.56   peak 0.45756 at t = 0.70
   halving times (time for the wave to descend one octave), from resolved peaks only:
      0.56 -> 0.40 : 0.25  per octave 0.52
      0.40 -> 0.28 : 0.30  per octave 0.58
      0.28 -> 0.20 : 0.15  per octave 0.31
      0.20 -> 0.14 : 0.10  per octave 0.19
      0.14 -> 0.10 : 0.10  per octave 0.21
      0.10 -> 0.07 : 0.05  per octave 0.10
      0.07 -> 0.05 : 0.05  per octave 0.10
   V: gap = 0.501 (1.79 - t) from sep >= 0.1, T* = 1.79; thickness e-fold 1.18 fitted on t in [0.40, 1.60]; arms meet at t = 1.69, scale 0.052, sqrt(nu/s) there 0.051 (inside the clock)

clock expires at t = 2.40 (delta 0.0601); strong twist peak 0.11001 at t = 1.60, at the clock 0.04950 (fall 55%); max|w| growth to the clock 4.58x
race variable ell/ell_nu min inside the clock = 2.22 (at t = 2.30); cut fraction at the clock 0.425
C21: Re_seam at the twist peak (t = 1.60) = 211.4; twist peak 0.11001; max|w| at the peak 29.1
REGISTERED C20 at nu=0.002: between (see rows)
