seam race on GPU: IC=pair  N=256^3  nu=0.001  T=8.0  Z0=0.375  clock 2dx=0.0491  device=cuda  FORCE=0 (steady)
   t     Z/Z0    max|w|   twist@0.05 @0.07 @0.1 @0.14 @0.2 @0.28 @0.4 @0.56   anti    ell     ell_nu   race   cut    Re_seam   delta     E/E0   | material|w|  gap   jump   flip   dgap/dt(u) dgap/dt(pair) dgap/dt(sheets) flipped@  kappa  C_LIA
 0.00    1.000     11.16   0.00001 0.00004 0.00019 0.00134 0.00521 0.02153 0.09149 0.23798   0.000   0.2346      -       nan   0.800      432.1   (tail empty)   1.000000   (1s)
 0.05    0.997     11.13   0.00001 0.00004 0.00018 0.00130 0.00508 0.02110 0.09040 0.23673   0.000   0.2371   0.1976    1.20   1.000      441.1   (tail empty)   0.998723   (13s)
 0.10    0.994     11.09   0.00000 0.00004 0.00016 0.00120 0.00472 0.01993 0.08742 0.23320   0.000   0.2372   0.1433    1.66   1.000      439.9   (tail empty)   0.997450   (25s)
 0.15    0.992     11.07   0.00000 0.00003 0.00014 0.00105 0.00420 0.01820 0.08287 0.22793   0.000   0.2384   0.1314    1.82   1.000      442.2   (tail empty)   0.996180   (37s)
 0.20    0.989     11.03   0.00000 0.00003 0.00012 0.00088 0.00360 0.01612 0.07718 0.22158   0.000   0.2386   0.1271    1.88   0.000      439.2   0.2207   0.994914   (48s)
 0.25    0.986     10.98   0.00000 0.00002 0.00009 0.00071 0.00299 0.01391 0.07079 0.21472   0.000   0.2394   0.1346    1.78   0.000      439.3   0.1877   0.993652   (59s)
 0.30    0.983     10.94   0.00000 0.00002 0.00007 0.00056 0.00242 0.01176 0.06414 0.20775   0.000   0.2409   0.1583    1.52   0.000      442.1   0.1614   0.992393   (69s)
 0.35    0.980     10.91   0.00000 0.00001 0.00005 0.00044 0.00192 0.00980 0.05757 0.20085   0.000   0.2423   0.1970    1.23   0.000      442.5   0.1412   0.991138   (79s)
 0.40    0.978     10.90   0.00000 0.00001 0.00004 0.00033 0.00151 0.00809 0.05138 0.19414   0.000   0.2443   0.3958    0.62   0.000      448.7   0.1256   0.989886   (90s)
 0.45    0.975     10.93   0.00000 0.00001 0.00003 0.00025 0.00118 0.00666 0.04577 0.18768   0.000   0.2472      -       nan   0.000      453.4   0.1130   0.988637   (100s)
 0.50    0.973     10.99   0.00000 0.00000 0.00002 0.00019 0.00093 0.00549 0.04085 0.18157   0.000   0.2511      -       nan   0.000      467.2   0.1051   0.987392   (111s)
 0.55    0.970     11.04   0.00000 0.00000 0.00002 0.00015 0.00073 0.00455 0.03666 0.17592   0.000   0.2554      -       nan   0.000      481.1   0.0987   0.986150   (121s)
 0.60    0.968     11.09   0.00000 0.00000 0.00001 0.00011 0.00058 0.00382 0.03321 0.17086   0.000   0.2590      -       nan   0.000      493.3   0.0936   0.984911   (131s)
 0.65    0.967     11.14   0.00000 0.00000 0.00001 0.00009 0.00047 0.00325 0.03044 0.16653   0.000   0.2607      -       nan   0.000      502.9   0.0895   0.983673   (142s)
 0.70    0.965     11.19   0.00000 0.00000 0.00001 0.00007 0.00038 0.00283 0.02830 0.16304   0.000   0.2622      -       nan   0.000      509.2   0.0862   0.982439   (152s)
 0.75    0.964     11.25   0.00000 0.00000 0.00001 0.00005 0.00032 0.00251 0.02671 0.16045   0.000   0.2631      -       nan   0.000      514.3   0.0835   0.981205   (163s)
 0.80    0.963     11.32   0.00000 0.00000 0.00000 0.00005 0.00028 0.00229 0.02562 0.15879   0.000   0.2638      -       nan   0.000      518.3   0.0814   0.979974   (172s)
 0.85    0.962     11.39   0.00000 0.00000 0.00000 0.00004 0.00025 0.00215 0.02496 0.15807   0.000   0.2632      -       nan   0.000      520.0   0.0797   0.978744   (181s)
 0.90    0.961     11.46   0.00000 0.00000 0.00000 0.00003 0.00023 0.00207 0.02468 0.15826   0.000   0.2627      -       nan   0.000      521.7   0.0783   0.977515   (190s)
 0.95    0.960     11.53   0.00000 0.00000 0.00000 0.00003 0.00022 0.00206 0.02473 0.15930   0.000   0.2627      -       nan   0.000      525.4   0.0772   0.976287   (199s)
 1.00    0.960     11.60   0.00000 0.00000 0.00000 0.00003 0.00022 0.00210 0.02506 0.16112   0.000   0.2631      -       nan   0.000      530.1   0.0764   0.975059   (209s)
 1.05    0.960     11.66   0.00000 0.00000 0.00000 0.00003 0.00023 0.00219 0.02565 0.16364   0.000   0.2649      -       nan   0.000      539.7   0.0757   0.973832   (218s)
 1.10    0.959     11.73   0.00000 0.00000 0.00000 0.00003 0.00025 0.00234 0.02645 0.16674   0.000   0.2686      -       nan   0.000      553.2   0.0752   0.972605   (227s)
 1.15    0.959     11.79   0.00000 0.00000 0.00000 0.00004 0.00028 0.00253 0.02744 0.17033   0.000   0.2720      -       nan   0.000      569.4   0.0750   0.971378   (236s)
 1.20    0.959     11.84   0.00000 0.00000 0.00000 0.00005 0.00033 0.00275 0.02861 0.17425   0.000   0.2752      -       nan   0.000      590.5   0.0749   0.970152   (245s)
 1.25    0.959     11.89   0.00000 0.00000 0.00000 0.00006 0.00039 0.00302 0.02994 0.17840   0.000   0.2794      -       nan   0.000      605.1   0.0750   0.968925   (255s)
 1.30    0.959     11.93   0.00000 0.00000 0.00001 0.00007 0.00047 0.00330 0.03141 0.18264   0.000   0.2840      -       nan   0.000      627.9   0.0753   0.967699   (265s)
 1.35    0.959     11.96   0.00000 0.00000 0.00001 0.00009 0.00056 0.00360 0.03301 0.18686   0.000   0.2882      -       nan   0.000      650.0   0.0757   0.966472   (275s)
 1.40    0.960     11.99   0.00000 0.00000 0.00001 0.00012 0.00067 0.00390 0.03473 0.19099   0.000   0.2919      -       nan   0.000      663.6   0.0763   0.965245   (286s)
 1.45    0.960     12.00   0.00000 0.00000 0.00001 0.00016 0.00080 0.00420 0.03652 0.19496   0.000   0.2955      -       nan   0.000      677.0   0.0769   0.964018   (296s)
 1.50    0.960     12.02   0.00000 0.00000 0.00002 0.00020 0.00093 0.00451 0.03837 0.19875   0.000   0.2980      -       nan   0.000      689.9   0.0776   0.962790   (307s)
 1.55    0.960     12.05   0.00000 0.00001 0.00003 0.00027 0.00108 0.00481 0.04023 0.20234   0.000   0.2984      -       nan   0.000      691.8   0.0782   0.961562   (317s)
 1.60    0.961     12.06   0.00000 0.00001 0.00004 0.00034 0.00122 0.00511 0.04205 0.20576   0.000   0.2992      -       nan   0.000      690.8   0.0786   0.960334   (327s)
 1.65    0.961     12.07   0.00000 0.00001 0.00005 0.00043 0.00135 0.00541 0.04379 0.20900   0.000   0.2994      -       nan   0.000      688.8   0.0787   0.959106   (338s)
 1.70    0.961     12.06   0.00000 0.00002 0.00008 0.00053 0.00148 0.00571 0.04541 0.21211   0.000   0.2993      -       nan   0.000      686.0   0.0786   0.957877   (348s)
 1.75    0.961     12.04   0.00000 0.00002 0.00011 0.00064 0.00160 0.00600 0.04690 0.21512   0.000   0.2995      -       nan   0.000      689.2   0.0783   0.956649   (359s)
 1.80    0.961     12.05   0.00000 0.00003 0.00014 0.00075 0.00171 0.00628 0.04825 0.21806   0.000   0.3011      -       nan   0.000      696.0   0.0777   0.955420   (369s)
 1.85    0.961     12.05   0.00001 0.00005 0.00019 0.00086 0.00181 0.00655 0.04949 0.22098   0.000   0.3038      -       nan   0.000      710.6   0.0769   0.954192   (380s)
 1.90    0.961     12.04   0.00001 0.00006 0.00025 0.00098 0.00190 0.00680 0.05064 0.22393   0.000   0.3065      -       nan   0.000      721.2   0.0763   0.952963   (390s)
 1.95    0.961     12.02   0.00001 0.00009 0.00032 0.00108 0.00198 0.00702 0.05173 0.22695   0.000   0.3090      -       nan   0.000      735.0   0.0758   0.951734   (400s)
 2.00    0.961     12.01   0.00002 0.00012 0.00040 0.00118 0.00205 0.00722 0.05280 0.23007   0.000   0.3115      -       nan   0.000      748.0   0.0757   0.950506   (411s)
 2.05    0.960     12.01   0.00002 0.00015 0.00048 0.00128 0.00211 0.00738 0.05389 0.23333   0.000   0.3134      -       nan   0.000      752.1   0.0759   0.949277   (421s)
 2.10    0.960     12.02   0.00003 0.00020 0.00056 0.00137 0.00216 0.00753 0.05503 0.23673   0.000   0.3129   1.4168    0.22   0.000      755.5   0.0765   0.948050   (432s)
 2.15    0.960     12.02   0.00005 0.00024 0.00065 0.00145 0.00220 0.00764 0.05625 0.24026   0.000   0.3114   1.6675    0.19   0.000      756.9   0.0771   0.946822   (442s)
 2.20    0.960     12.04   0.00006 0.00029 0.00073 0.00153 0.00223 0.00775 0.05758 0.24392   0.000   0.3097      -       nan   0.000      752.6   0.0778   0.945594   (452s)
 2.25    0.959     12.06   0.00007 0.00035 0.00082 0.00160 0.00225 0.00784 0.05903 0.24767   0.000   0.3090      -       nan   0.000      745.5   0.0783   0.944367   (463s)
 2.30    0.959     12.07   0.00009 0.00040 0.00090 0.00167 0.00226 0.00794 0.06064 0.25148   0.000   0.3071      -       nan   0.000      737.7   0.0786   0.943141   (473s)
 2.35    0.959     12.07   0.00011 0.00046 0.00098 0.00172 0.00226 0.00805 0.06241 0.25529   0.000   0.3058      -       nan   0.000      739.7   0.0785   0.941915   (484s)
 2.40    0.958     12.06   0.00013 0.00051 0.00106 0.00178 0.00225 0.00818 0.06436 0.25908   0.000   0.3042      -       nan   0.000      733.1   0.0782   0.940689   (494s)
 2.45    0.958     12.06   0.00015 0.00057 0.00113 0.00182 0.00224 0.00834 0.06647 0.26278   0.000   0.3031      -       nan   0.000      721.3   0.0775   0.939464   (504s)
 2.50    0.957     12.06   0.00017 0.00063 0.00121 0.00186 0.00224 0.00855 0.06876 0.26637   0.000   0.3019      -       nan   0.000      708.6   0.0767   0.938240   (515s)
 2.55    0.957     12.05   0.00019 0.00068 0.00127 0.00189 0.00223 0.00882 0.07121 0.26980   0.000   0.3013      -       nan   0.000      700.2   0.0758   0.937016   (525s)
 2.60    0.956     12.03   0.00021 0.00074 0.00134 0.00191 0.00224 0.00916 0.07382 0.27305   0.000   0.3003      -       nan   0.000      689.2   0.0748   0.935793   (536s)
 2.65    0.956     12.00   0.00024 0.00079 0.00140 0.00192 0.00225 0.00957 0.07655 0.27610   0.000   0.3009      -       nan   0.000      690.7   0.0739   0.934570   (546s)
 2.70    0.955     11.97   0.00026 0.00084 0.00146 0.00193 0.00227 0.01006 0.07941 0.27894   0.000   0.3018      -       nan   0.000      693.3   0.0731   0.933349   (556s)
 2.75    0.954     11.94   0.00028 0.00089 0.00152 0.00193 0.00230 0.01063 0.08236 0.28157   0.000   0.3046      -       nan   0.000      705.7   0.0723   0.932128   (567s)
 2.80    0.954     11.89   0.00030 0.00094 0.00157 0.00193 0.00236 0.01130 0.08540 0.28400   0.000   0.3056      -       nan   0.000      706.4   0.0716   0.930908   (577s)
 2.85    0.953     11.84   0.00032 0.00098 0.00162 0.00192 0.00243 0.01205 0.08852 0.28623   0.000   0.3065      -       nan   0.000      711.0   0.0710   0.929689   (588s)
 2.90    0.952     11.79   0.00034 0.00102 0.00167 0.00192 0.00253 0.01290 0.09173 0.28828   0.000   0.3065      -       nan   0.000      716.3   0.0705   0.928471   (598s)
 2.95    0.951     11.74   0.00035 0.00106 0.00171 0.00191 0.00264 0.01383 0.09503 0.29018   0.000   0.3061      -       nan   0.000      709.5   0.0699   0.927254   (608s)
lagrangian: 4000 particles seeded on the high set at t = 3.00; sheets A/B = 1960/2040
 3.00    0.951     11.69   0.00037 0.00110 0.00175 0.00191 0.00279 0.01485 0.09844 0.29195   0.000   0.3046      -       nan   0.000      698.3   0.0694   0.926038   |     7.49   0.6160   1.1355   0.000   -0.1120  -0.1250  -0.1246    -       0.44  -0.409   (620s)
 3.05    0.950     11.64   0.00039 0.00114 0.00178 0.00191 0.00296 0.01597 0.10198 0.29361   0.000   0.3036      -       nan   0.000      690.3   0.0689   0.924823   |     7.50   0.6150   1.1397   0.000   -0.1213  -0.1245  -0.1238    -       0.44  -0.406   (631s)
 3.10    0.949     11.60   0.00040 0.00117 0.00181 0.00192 0.00317 0.01718 0.10568 0.29517   0.000   0.3024      -       nan   0.000      689.7   0.0685   0.923609   |     7.49   0.6131   1.1190   0.000   -0.1123  -0.1422  -0.1362    -       0.45  -0.465   (642s)
 3.15    0.948     11.58   0.00042 0.00121 0.00183 0.00193 0.00341 0.01847 0.10955 0.29663   0.000   0.3024      -       nan   0.000      695.1   0.0680   0.922396   |     7.49   0.6085   1.0907   0.000   -0.0273  -0.0529  -0.0421    -       0.46  -0.174   (653s)
 3.20    0.947     11.56   0.00043 0.00123 0.00185 0.00194 0.00368 0.01986 0.11362 0.29801   0.000   0.3039      -       nan   0.000      697.3   0.0677   0.921184   |     7.49   0.6063   1.0736   0.000   -0.0506  -0.0909  -0.0692    -       0.46  -0.303   (664s)
 3.25    0.946     11.53   0.00044 0.00126 0.00187 0.00197 0.00399 0.02134 0.11790 0.29928   0.000   0.3037      -       nan   0.000      701.1   0.0674   0.919974   |     7.50   0.6093   1.0410   0.000   -0.0409  -0.0409  -0.0437    -       0.47  -0.138   (675s)
 3.30    0.946     11.51   0.00045 0.00128 0.00188 0.00200 0.00433 0.02292 0.12238 0.30042   0.000   0.3043      -       nan   0.000      702.0   0.0673   0.918764   |     7.51   0.6121   1.0302   0.000   -0.0206  -0.0479  -0.0289    -       0.48  -0.160   (686s)
 3.35    0.945     11.50   0.00046 0.00130 0.00189 0.00205 0.00472 0.02460 0.12708 0.30142   0.000   0.3053      -       nan   0.000      702.2   0.0673   0.917556   |     7.53   0.6125   1.0160   0.000   -0.0675  -0.0920  -0.0804    -       0.48  -0.306   (697s)
 3.40    0.944     11.48   0.00047 0.00132 0.00189 0.00210 0.00515 0.02639 0.13198 0.30223   0.001   0.3067      -       nan   0.000      699.4   0.0674   0.916348   |     7.54   0.6059   0.9834   0.000   -0.0889  -0.1041  -0.1011    -       0.50  -0.349   (708s)
 3.45    0.943     11.45   0.00048 0.00134 0.00190 0.00217 0.00562 0.02831 0.13708 0.30283   0.002   0.3068      -       nan   0.000      700.1   0.0677   0.915142   |     7.56   0.6097   0.9616   0.000   +0.0136  -0.0259  -0.0006    -       0.52  -0.085   (719s)
 3.50    0.942     11.40   0.00048 0.00135 0.00190 0.00225 0.00614 0.03035 0.14236 0.30319   0.003   0.3068      -       nan   0.000      696.7   0.0681   0.913937   |     7.56   0.6131   0.9439   0.000   -0.0064  -0.0317  -0.0199    -       0.52  -0.105   (730s)
 3.55    0.942     11.38   0.00049 0.00136 0.00189 0.00235 0.00671 0.03254 0.14778 0.30330   0.004   0.3067      -       nan   0.000      695.1   0.0685   0.912732   |     7.59   0.6192   0.9230   0.000   -0.0223  -0.0608  -0.0363    -       0.53  -0.200   (741s)
 3.60    0.941     11.36   0.00049 0.00136 0.00189 0.00246 0.00733 0.03488 0.15332 0.30314   0.005   0.3069      -       nan   0.000      697.9   0.0691   0.911529   |     7.60   0.6225   0.9161   0.000   +0.0225  -0.0152  +0.0166    -       0.52  -0.051   (752s)
 3.65    0.940     11.33   0.00049 0.00136 0.00189 0.00260 0.00801 0.03738 0.15893 0.30269   0.006   0.3060      -       nan   0.000      695.0   0.0697   0.910326   |     7.62   0.6267   0.9037   0.000   +0.0510  +0.0070  +0.0469    -       0.54  +0.023   (763s)
 3.70    0.940     11.28   0.00050 0.00136 0.00188 0.00275 0.00876 0.04005 0.16459 0.30195   0.006   0.3050      -       nan   0.000      691.2   0.0703   0.909125   |     7.63   0.6264   0.9070   0.000   +0.0793  +0.0635  +0.0714    -       0.54  +0.207   (774s)
 3.75    0.939     11.24   0.00050 0.00136 0.00188 0.00292 0.00957 0.04289 0.17023 0.30091   0.007   0.3048      -       nan   0.000      688.1   0.0709   0.907924   |     7.66   0.6329   0.8968   0.000   +0.0960  +0.0571  +0.0896    -       0.56  +0.179   (785s)
 3.80    0.938     11.20   0.00050 0.00136 0.00187 0.00312 0.01046 0.04591 0.17583 0.29958   0.008   0.3055      -       nan   0.000      687.0   0.0715   0.906723   |     7.66   0.6346   0.8908   0.000   +0.0584  +0.0465  +0.0558    -       0.56  +0.147   (796s)
 3.85    0.938     11.15   0.00049 0.00135 0.00187 0.00334 0.01144 0.04911 0.18135 0.29795   0.008   0.3053      -       nan   0.000      685.0   0.0721   0.905524   |     7.66   0.6343   0.8969   0.000   +0.0602  +0.0297  +0.0510    -       0.55  +0.095   (807s)
 3.90    0.937     11.12   0.00049 0.00134 0.00187 0.00359 0.01250 0.05248 0.18674 0.29604   0.008   0.3050      -       nan   0.000      686.0   0.0726   0.904325   |     7.66   0.6269   0.9157   0.000   +0.0877  +0.0776  +0.0841    -       0.55  +0.245   (818s)
 3.95    0.937     11.07   0.00049 0.00133 0.00187 0.00387 0.01367 0.05600 0.19200 0.29385   0.009   0.3055      -       nan   0.000      686.8   0.0731   0.903127   |     7.66   0.6271   0.9317   0.000   +0.0857  +0.0453  +0.0817    -       0.57  +0.137   (829s)
 4.00    0.936     11.02   0.00048 0.00132 0.00187 0.00420 0.01495 0.05968 0.19710 0.29138   0.010   0.3054      -       nan   0.000       78.2   0.0736   0.901929   |     7.67   0.6204   0.9476   0.000   -0.0380  -0.0569  -0.0453    -       0.57  -0.170   (840s)
 4.05    0.936     10.97   0.00048 0.00131 0.00188 0.00456 0.01635 0.06348 0.20203 0.28865   0.013   0.3034      -       nan   0.000       74.3   0.0740   0.900732   |     7.69   0.6207   0.9631   0.000   +0.0464  +0.0364  +0.0426    -       0.56  +0.108   (851s)
 4.10    0.936     10.93   0.00047 0.00129 0.00190 0.00497 0.01787 0.06740 0.20679 0.28567   0.015   0.3017      -       nan   0.000       70.6   0.0744   0.899535   |     7.70   0.6210   1.0027   0.000   +0.0684  +0.0423  +0.0585    -       0.57  +0.120   (862s)
 4.15    0.935     10.88   0.00046 0.00128 0.00192 0.00543 0.01952 0.07143 0.21138 0.28245   0.017   0.2999      -       nan   0.000       66.4   0.0747   0.898339   |     7.70   0.6184   1.0188   0.000   +0.0254  -0.0016  +0.0250    -       0.57  -0.004   (873s)
 4.20    0.935     10.82   0.00046 0.00127 0.00195 0.00596 0.02130 0.07553 0.21580 0.27902   0.019   0.2967      -       nan   0.000       65.5   0.0750   0.897143   |     7.71   0.6081   1.0377   0.000   -0.0231  -0.0418  -0.0291    -       0.59  -0.112   (884s)
 4.25    0.935     10.76   0.00045 0.00126 0.00199 0.00655 0.02323 0.07972 0.22005 0.27537   0.022   0.2937      -       nan   0.000       63.2   0.0752   0.895948   |     7.70   0.5987   1.0531   0.000   +0.0351  +0.0196  +0.0242    -       0.59  +0.052   (895s)
 4.30    0.935     10.69   0.00044 0.00125 0.00204 0.00721 0.02529 0.08397 0.22415 0.27153   0.023   0.2896      -       nan   0.000       60.9   0.0754   0.894752   |     7.72   0.5922   1.0835   0.000   -0.0830  -0.0945  -0.0872    -       0.60  -0.247   (907s)
 4.35    0.934     10.63   0.00043 0.00124 0.00211 0.00795 0.02749 0.08828 0.22810 0.26750   0.024   0.2861      -       nan   0.000       28.9   0.0755   0.893557   |     7.74   0.5866   1.0864   0.000   -0.0414  -0.0585  -0.0511    -       0.62  -0.148   (918s)
 4.40    0.934     10.57   0.00042 0.00124 0.00220 0.00877 0.02982 0.09266 0.23190 0.26329   0.025   0.2830      -       nan   0.000       30.3   0.0756   0.892363   |     7.75   0.5864   1.0866   0.000   -0.0170  -0.0309  -0.0201    -       0.65  -0.075   (929s)
 4.45    0.934     10.51   0.00042 0.00124 0.00230 0.00968 0.03230 0.09710 0.23557 0.25891   0.027   0.2813      -       nan   0.000       32.1   0.0757   0.891168   |     7.75   0.5809   1.0923   0.000   -0.0489  -0.0654  -0.0546    -       0.66  -0.157   (940s)
 4.50    0.934     10.44   0.00041 0.00124 0.00243 0.01070 0.03492 0.10161 0.23911 0.25436   0.028   0.2792      -       nan   0.006       34.3   0.0757   0.889973   |     7.76   0.5759   1.0815   0.000   -0.0322  -0.0410  -0.0348    -       0.67  -0.098   (951s)
 4.55    0.934     10.38   0.00040 0.00126 0.00258 0.01181 0.03767 0.10620 0.24252 0.24964   0.030   0.2769      -       nan   0.020       36.3   0.0757   0.888779   |     7.78   0.5680   1.0852   0.000   -0.0855  -0.1055  -0.0909    -       0.67  -0.254   (962s)
 4.60    0.934     10.33   0.00039 0.00128 0.00276 0.01303 0.04056 0.11087 0.24580 0.24476   0.031   0.2761      -       nan   0.025       39.0   0.0756   0.887584   |     7.79   0.5606   1.0892   0.000   -0.1501  -0.1794  -0.1553    -       0.71  -0.414   (973s)
 4.65    0.934     10.28   0.00039 0.00131 0.00298 0.01437 0.04360 0.11564 0.24896 0.23971   0.033   0.2761      -       nan   0.044       41.3   0.0754   0.886390   |     7.80   0.5511   1.0909   0.000   -0.1370  -0.1671  -0.1454    -       0.74  -0.375   (984s)
 4.70    0.934     10.25   0.00039 0.00135 0.00324 0.01582 0.04677 0.12051 0.25198 0.23450   0.036   0.2770      -       nan   0.052       43.2   0.0752   0.885195   |     7.82   0.5404   1.0966   0.000   -0.0757  -0.0945  -0.0800    -       0.76  -0.209   (995s)
 4.75    0.934     10.22   0.00038 0.00140 0.00353 0.01740 0.05010 0.12548 0.25486 0.22913   0.040   0.2778      -       nan   0.050       42.9   0.0749   0.884001   |     7.86   0.5384   1.0999   0.000   -0.1249  -0.1443  -0.1278    -       0.80  -0.306   (1006s)
 4.80    0.935     10.21   0.00038 0.00147 0.00388 0.01911 0.05357 0.13054 0.25759 0.22360   0.043   0.2790      -       nan   0.049       43.4   0.0745   0.882806   |     7.86   0.5275   1.0879   0.000   -0.0995  -0.1296  -0.1051    -       0.82  -0.276   (1017s)
 4.85    0.935     10.21   0.00039 0.00156 0.00427 0.02094 0.05720 0.13571 0.26015 0.21792   0.047   0.2805      -       nan   0.055       44.7   0.0740   0.881611   |     7.88   0.5193   1.0773   0.000   -0.1006  -0.1302  -0.1059    -       0.83  -0.282   (1028s)
 4.90    0.935     10.22   0.00039 0.00167 0.00472 0.02292 0.06099 0.14097 0.26254 0.21210   0.050   0.2821      -       nan   0.064       44.6   0.0735   0.880415   |     7.88   0.5137   1.0651   0.000   -0.1373  -0.1656  -0.1450    -       0.86  -0.351   (1039s)
 4.95    0.935     10.24   0.00040 0.00179 0.00523 0.02503 0.06495 0.14630 0.26473 0.20615   0.054   0.2835      -       nan   0.073       45.9   0.0729   0.879220   |     7.89   0.5056   1.0401   0.000   -0.1151  -0.1361  -0.1209    -       0.87  -0.299   (1050s)
 5.00    0.936     10.28   0.00042 0.00195 0.00580 0.02729 0.06908 0.15170 0.26672 0.20010   0.058   0.2849      -       nan   0.085       46.7   0.0723   0.878023   |     7.88   0.5031   1.0207   0.000   -0.0709  -0.1030  -0.0754    -       0.91  -0.221   (1061s)
 5.05    0.936     10.33   0.00044 0.00212 0.00644 0.02971 0.07337 0.15714 0.26848 0.19396   0.061   0.2864      -       nan   0.091       47.7   0.0716   0.876826   |     7.88   0.4923   0.9895   0.000   -0.0365  -0.0656  -0.0449    -       0.93  -0.145   (1072s)
 5.10    0.937     10.38   0.00046 0.00233 0.00716 0.03228 0.07783 0.16259 0.27001 0.18776   0.064   0.2877      -       nan   0.090       52.2   0.0709   0.875629   |     7.89   0.4906   0.9745   0.000   -0.0218  -0.0377  -0.0233    -       0.93  -0.085   (1083s)
 5.15    0.937     10.44   0.00049 0.00257 0.00795 0.03501 0.08245 0.16804 0.27127 0.18152   0.067   0.2894      -       nan   0.091       57.0   0.0701   0.874431   |     7.89   0.4877   0.9615   0.000   -0.0422  -0.0670  -0.0466    -       0.96  -0.149   (1094s)
 5.20    0.938     10.49   0.00053 0.00285 0.00883 0.03790 0.08723 0.17346 0.27228 0.17527   0.069   0.2906      -       nan   0.093       63.0   0.0694   0.873232   |     7.89   0.4877   0.9456   0.000   -0.0640  -0.0909  -0.0725    -       0.96  -0.206   (1105s)
 5.25    0.939     10.55   0.00058 0.00316 0.00979 0.04097 0.09215 0.17881 0.27300 0.16903   0.073   0.2923      -       nan   0.108       67.6   0.0687   0.872032   |     7.88   0.4909   0.9297   0.000   -0.0301  -0.0646  -0.0377    -       0.98  -0.144   (1116s)
 5.30    0.939     10.61   0.00063 0.00351 0.01085 0.04421 0.09718 0.18407 0.27343 0.16282   0.077   0.2943      -       nan   0.117       72.3   0.0680   0.870832   |     7.88   0.4935   0.9059   0.000   +0.0069  -0.0204  +0.0007    -       0.99  -0.046   (1127s)
 5.35    0.940     10.69   0.00070 0.00391 0.01200 0.04761 0.10233 0.18922 0.27356 0.15665   0.080   0.2972      -       nan   0.128       78.2   0.0673   0.869630   |     7.88   0.4962   0.8870   0.000   +0.0430  +0.0137  +0.0382    -       1.03  +0.030   (1138s)
 5.40    0.941     10.79   0.00077 0.00436 0.01325 0.05119 0.10755 0.19424 0.27338 0.15054   0.084   0.3003      -       nan   0.132       83.7   0.0667   0.868427   |     7.86   0.4998   0.8700   0.000   +0.0096  -0.0144  +0.0044    -       1.03  -0.032   (1149s)
 5.45    0.942     10.88   0.00086 0.00485 0.01461 0.05493 0.11282 0.19912 0.27287 0.14450   0.087   0.3024      -       nan   0.135       90.8   0.0661   0.867224   |     7.86   0.5047   0.8564   0.000   +0.0434  +0.0220  +0.0391    -       1.07  +0.048   (1160s)
 5.50    0.943     10.98   0.00096 0.00540 0.01609 0.05883 0.11811 0.20382 0.27204 0.13854   0.090   0.3058      -       nan   0.137       99.5   0.0654   0.866019   |     7.85   0.5078   0.8340   0.000   +0.0343  +0.0141  +0.0253    -       1.09  +0.031   (1171s)
 5.55    0.944     11.06   0.00107 0.00600 0.01767 0.06288 0.12339 0.20836 0.27089 0.13264   0.094   0.3074      -       nan   0.139      108.2   0.0648   0.864812   |     7.85   0.5029   0.8390   0.000   -0.0014  -0.0164  -0.0124    -       1.11  -0.035   (1182s)
 5.60    0.945     11.15   0.00119 0.00666 0.01938 0.06705 0.12864 0.21272 0.26940 0.12683   0.099   0.3092      -       nan   0.143      117.4   0.0642   0.863605   |     7.84   0.5009   0.8301   0.000   +0.0003  -0.0294  -0.0088    -       1.10  -0.064   (1193s)
 5.65    0.946     11.24   0.00133 0.00739 0.02122 0.07135 0.13383 0.21691 0.26759 0.12108   0.102   0.3103      -       nan   0.148      127.5   0.0636   0.862396   |     7.83   0.4946   0.8293   0.000   -0.0774  -0.0851  -0.0834    -       1.12  -0.186   (1204s)
 5.70    0.947     11.32   0.00149 0.00819 0.02317 0.07575 0.13894 0.22092 0.26546 0.11540   0.106   0.3098      -       nan   0.152      139.9   0.0631   0.861185   |     7.82   0.4899   0.8553   0.000   -0.0781  -0.0929  -0.0883    -       1.15  -0.194   (1215s)
 5.75    0.948     11.42   0.00167 0.00905 0.02526 0.08022 0.14394 0.22475 0.26302 0.10980   0.112   0.3100      -       nan   0.160      153.1   0.0625   0.859974   |     7.82   0.4899   0.8794   0.000   -0.0360  -0.0472  -0.0448    -       1.15  -0.095   (1226s)
 5.80    0.950     11.52   0.00186 0.00999 0.02748 0.08475 0.14882 0.22840 0.26030 0.10425   0.115   0.3111      -       nan   0.168      169.2   0.0619   0.858760   |     7.80   0.4852   0.9031   0.000   +0.0051  +0.0023  -0.0043    -       1.17  +0.004   (1237s)
 5.85    0.951     11.65   0.00208 0.01102 0.02982 0.08933 0.15357 0.23188 0.25730 0.09878   0.120   0.3108      -       nan   0.174      179.3   0.0613   0.857545   |     7.80   0.4773   0.9271   0.000   -0.0057  -0.0213  -0.0164    -       1.22  -0.039   (1248s)
 5.90    0.952     11.76   0.00232 0.01212 0.03230 0.09393 0.15819 0.23519 0.25406 0.09338   0.126   0.3090      -       nan   0.184      190.1   0.0608   0.856329   |     7.79   0.4731   0.9394   0.000   -0.0628  -0.0679  -0.0766    -       1.21  -0.126   (1259s)
 5.95    0.953     11.87   0.00258 0.01331 0.03490 0.09853 0.16267 0.23832 0.25058 0.08805   0.133   0.3077      -       nan   0.195      203.0   0.0602   0.855110   |     7.77   0.4640   0.9498   0.000   -0.0452  -0.0551  -0.0531    -       1.24  -0.101   (1270s)
 6.00    0.955     11.99   0.00288 0.01459 0.03762 0.10312 0.16703 0.24128 0.24690 0.08280   0.139   0.3053      -       nan   0.203      212.9   0.0598   0.853891   |     7.76   0.4595   0.9691   0.000   -0.0414  -0.0463  -0.0518    -       1.23  -0.085   (1281s)
 6.05    0.956     12.10   0.00320 0.01596 0.04045 0.10770 0.17125 0.24406 0.24302 0.07763   0.145   0.3035      -       nan   0.207      225.7   0.0593   0.852669   |     7.75   0.4546   0.9862   0.000   -0.0907  -0.1052  -0.1054    -       1.29  -0.182   (1292s)
 6.10    0.957     12.21   0.00355 0.01743 0.04340 0.11225 0.17534 0.24666 0.23896 0.07256   0.151   0.3011      -       nan   0.207      239.6   0.0589   0.851446   |     7.74   0.4456   0.9939   0.000   -0.0857  -0.0902  -0.0955    -       1.29  -0.157   (1303s)
 6.15    0.959     12.31   0.00393 0.01899 0.04646 0.11677 0.17932 0.24908 0.23474 0.06760   0.156   0.2984      -       nan   0.213      257.6   0.0585   0.850221   |     7.73   0.4391   1.0049   0.000   -0.0708  -0.0663  -0.0900    -       1.32  -0.114   (1314s)
 6.20    0.960     12.46   0.00435 0.02065 0.04962 0.12125 0.18317 0.25132 0.23034 0.06276   0.164   0.2983      -       nan   0.219      273.0   0.0582   0.848995   |     7.71   0.4372   1.0221   0.000   -0.0130  -0.0275  -0.0276    -       1.35  -0.046   (1325s)
 6.25    0.961     12.64   0.00481 0.02241 0.05288 0.12571 0.18690 0.25336 0.22579 0.05806   0.171   0.2940      -       nan   0.222      285.0   0.0579   0.847767   |     7.72   0.4292   1.0316   0.000   -0.0214  -0.0466  -0.0339    -       1.33  -0.079   (1336s)
 6.30    0.962     12.81   0.00530 0.02426 0.05623 0.13013 0.19052 0.25522 0.22108 0.05352   0.178   0.2916   0.8101    0.36   0.228      295.0   0.0576   0.846537   |     7.73   0.4225   1.0154   0.000   -0.1261  -0.1013  -0.1373    -       1.39  -0.170   (1347s)
 6.35    0.964     12.99   0.00583 0.02622 0.05968 0.13452 0.19400 0.25688 0.21622 0.04915   0.184   0.2900   0.3116    0.93   0.233      312.4   0.0574   0.845305   |     7.73   0.4169   1.0152   0.000   -0.0938  -0.0827  -0.1135    -       1.40  -0.140   (1358s)
 6.40    0.965     13.16   0.00641 0.02827 0.06323 0.13887 0.19736 0.25836 0.21121 0.04498   0.192   0.2877   0.2184    1.32   0.234      312.4   0.0571   0.844072   |     7.74   0.4095   1.0096   0.000   -0.0805  -0.0817  -0.0939    -       1.42  -0.140   (1369s)
 6.45    0.966     13.34   0.00702 0.03043 0.06686 0.14319 0.20057 0.25963 0.20606 0.04102   0.201   0.2851   0.1839    1.55   0.234      296.4   0.0568   0.842837   |     7.77   0.4017   1.0130   0.000   -0.0902  -0.0808  -0.1094    -       1.45  -0.137   (1380s)
 6.50    0.968     13.53   0.00768 0.03269 0.07059 0.14745 0.20362 0.26072 0.20080 0.03731   0.210   0.2820   0.1566    1.80   0.239      288.7   0.0565   0.841600   |     7.76   0.3974   1.0088   0.000   -0.0970  -0.0834  -0.1137    -       1.43  -0.145   (1392s)
 6.55    0.969     13.72   0.00838 0.03506 0.07442 0.15165 0.20650 0.26161 0.19542 0.03385   0.220   0.2801   0.1330    2.11   0.239      280.6   0.0563   0.840362   |     7.77   0.3887   0.9913   0.000   -0.0834  -0.0712  -0.1113    -       1.48  -0.125   (1403s)
 6.60    0.970     13.91   0.00913 0.03753 0.07834 0.15578 0.20921 0.26232 0.18997 0.03065   0.229   0.2782   0.1201    2.32   0.244      270.1   0.0560   0.839122   |     7.75   0.3868   0.9780   0.000   -0.0806  -0.0814  -0.1003    -       1.47  -0.146   (1414s)
 6.65    0.972     14.10   0.00993 0.04012 0.08235 0.15980 0.21172 0.26283 0.18446 0.02772   0.238   0.2770   0.1092    2.54   0.244      273.5   0.0556   0.837881   |     7.74   0.3811   0.9619   0.000   -0.1126  -0.0761  -0.1384    -       1.47  -0.141   (1425s)
 6.70    0.973     14.29   0.01077 0.04283 0.08645 0.16371 0.21403 0.26317 0.17891 0.02505   0.246   0.2758   0.0999    2.76   0.242      271.4   0.0553   0.836637   |     7.76   0.3793   0.9477   0.000   -0.0531  -0.0516  -0.0818    -       1.46  -0.098   (1436s)
 6.75    0.974     14.62   0.01167 0.04566 0.09063 0.16746 0.21614 0.26333 0.17334 0.02263   0.259   0.2753   0.0908    3.03   0.241      285.4   0.0550   0.835392   |     7.76   0.3760   0.9346   0.000   -0.0456  -0.0460  -0.0698    -       1.45  -0.090   (1447s)
 6.80    0.976     14.96   0.01263 0.04860 0.09489 0.17103 0.21802 0.26333 0.16776 0.02044   0.273   0.2766   0.0846    3.27   0.243      287.7   0.0547   0.834146   |     7.77   0.3720   0.9241   0.000   -0.0616  -0.0548  -0.0785    -       1.46  -0.109   (1458s)
 6.85    0.977     15.27   0.01364 0.05167 0.09919 0.17438 0.21969 0.26316 0.16218 0.01845   0.286   0.2738   0.0807    3.39   0.244      293.0   0.0543   0.832898   |     7.77   0.3672   0.9104   0.000   -0.0982  -0.0662  -0.1245    -       1.47  -0.135   (1469s)
 6.90    0.978     15.58   0.01472 0.05485 0.10352 0.17749 0.22114 0.26284 0.15661 0.01666   0.300   0.2701   0.0788    3.43   0.245      300.9   0.0540   0.831648   |     7.80   0.3649   0.9039   0.000   -0.0945  -0.0602  -0.1201    -       1.45  -0.125   (1480s)
 6.95    0.979     15.88   0.01586 0.05814 0.10786 0.18032 0.22239 0.26237 0.15105 0.01505   0.311   0.2661   0.0823    3.23   0.242      302.5   0.0537   0.830397   |     7.80   0.3623   0.8928   0.000   -0.0840  -0.0584  -0.1104    -       1.50  -0.120   (1491s)
 7.00    0.980     16.21   0.01707 0.06154 0.11217 0.18285 0.22343 0.26175 0.14550 0.01360   0.327   0.2638   0.0832    3.17   0.247      306.0   0.0535   0.829144   |     7.78   0.3569   0.8925   0.000   -0.0792  -0.0507  -0.1092    -       1.52  -0.105   (1502s)
 7.05    0.981     16.57   0.01834 0.06504 0.11642 0.18506 0.22429 0.26097 0.13997 0.01230   0.343   0.2606   0.0840    3.10   0.252      300.5   0.0533   0.827890   |     7.75   0.3543   0.8844   0.000   -0.0491  -0.0342  -0.0805    -       1.50  -0.073   (1513s)
 7.10    0.982     16.90   0.01968 0.06860 0.12057 0.18692 0.22498 0.26003 0.13446 0.01113   0.358   0.2589   0.0828    3.13   0.256      299.4   0.0531   0.826634   |     7.73   0.3557   0.8844   0.000   -0.0412  -0.0252  -0.0763    -       1.53  -0.052   (1524s)
 7.15    0.983     17.18   0.02109 0.07223 0.12458 0.18842 0.22553 0.25892 0.12896 0.01008   0.377   0.2532   0.0833    3.04   0.260      286.2   0.0531   0.825377   |     7.72   0.3507   0.8905   0.000   -0.0013  -0.0157  -0.0355    -       1.52  -0.033   (1535s)
 7.20    0.984     17.51   0.02255 0.07588 0.12840 0.18956 0.22599 0.25763 0.12348 0.00914   0.392   0.2509   0.0813    3.09   0.263      281.4   0.0531   0.824120   |     7.70   0.3516   0.8847   0.000   +0.0063  -0.0119  -0.0203    -       1.55  -0.025   (1546s)
 7.25    0.985     17.79   0.02407 0.07954 0.13198 0.19034 0.22639 0.25614 0.11803 0.00829   0.409   0.2472   0.0787    3.14   0.263      270.4   0.0532   0.822861   |     7.70   0.3538   0.8801   0.000   +0.0206  -0.0002  -0.0146    -       1.59  -0.000   (1557s)
 7.30    0.986     18.05   0.02564 0.08317 0.13529 0.19077 0.22677 0.25443 0.11264 0.00755   0.424   0.2435   0.0757    3.22   0.271      271.8   0.0534   0.821601   |     7.67   0.3599   0.8852   0.000   +0.0427  +0.0154  +0.0085    -       1.63  +0.030   (1568s)
 7.35    0.986     18.31   0.02725 0.08674 0.13826 0.19087 0.22721 0.25250 0.10734 0.00689   0.440   0.2400   0.0726    3.30   0.276      274.7   0.0536   0.820340   |     7.65   0.3617   0.8694   0.000   +0.0773  +0.0239  +0.0404    -       1.63  +0.047   (1579s)
 7.40    0.987     18.65   0.02888 0.09022 0.14087 0.19066 0.22774 0.25033 0.10220 0.00633   0.456   0.2364   0.0669    3.53   0.280      276.0   0.0539   0.819079   |     7.65   0.3650   0.8575   0.000   +0.1051  +0.0301  +0.0664    -       1.65  +0.059   (1590s)
 7.45    0.987     18.89   0.03056 0.09357 0.14307 0.19017 0.22843 0.24792 0.09727 0.00583   0.472   0.2328   0.0639    3.64   0.274      273.9   0.0541   0.817817   |     7.63   0.3679   0.8501   0.000   +0.1190  +0.0352  +0.0864    -       1.66  +0.068   (1601s)
 7.50    0.988     19.21   0.03223 0.09676 0.14484 0.18944 0.22930 0.24526 0.09258 0.00539   0.487   0.2274   0.0631    3.60   0.276      276.1   0.0543   0.816554   |     7.59   0.3732   0.8336   0.000   +0.0744  +0.0120  +0.0528    -       1.64  +0.024   (1612s)
 7.55    0.988     19.37   0.03388 0.09975 0.14618 0.18852 0.23040 0.24240 0.08817 0.00501   0.499   0.2198   0.0610    3.60   0.281      257.9   0.0544   0.815291   |     7.54   0.3781   0.8490   0.000   +0.0456  +0.0015  +0.0220    -       1.62  +0.003   (1623s)
 7.60    0.988     19.60   0.03560 0.10256 0.14708 0.18745 0.23170 0.23932 0.08401 0.00467   0.510   0.2147   0.0568    3.78   0.286      238.9   0.0544   0.814028   |     7.50   0.3831   0.8409   0.000   -0.0063  -0.0087  -0.0395    -       1.57  -0.017   (1634s)
 7.65    0.988     19.75   0.03724 0.10517 0.14758 0.18632 0.23316 0.23606 0.08006 0.00436   0.522   0.2109   0.0544    3.88   0.287      218.7   0.0543   0.812765   |     7.48   0.3817   0.8633   0.000   -0.0133  -0.0086  -0.0529    -       1.53  -0.017   (1644s)
 7.70    0.988     20.34   0.03879 0.10758 0.14771 0.18515 0.23471 0.23262 0.07629 0.00410   0.550   0.1993   0.0484    4.12   0.283      200.9   0.0541   0.811501   |     7.43   0.3877   0.8848   0.000   +0.0075  -0.0013  -0.0325    -       1.46  -0.003   (1654s)
 7.75    0.988     22.46   0.04041 0.10984 0.14757 0.18396 0.23618 0.22895 0.07263 0.00388   0.656   0.1423   0.0386    3.69   0.310       99.1   0.0538   0.810238   |     7.39   0.3908   0.8982   0.000   +0.0413  +0.0097  +0.0083    -       1.43  +0.019   (1663s)
 7.80    0.988     23.71   0.04214 0.11205 0.14727 0.18292 0.23747 0.22508 0.06908 0.00367   0.738   0.1008   0.0362    2.79   0.330       70.1   0.0534   0.808975   |     7.36   0.3896   0.9125   0.001   +0.0535  +0.0099  +0.0251    -       1.37  +0.020   (1673s)
 7.85    0.988     25.01   0.04385 0.11427 0.14689 0.18197 0.23842 0.22099 0.06561 0.00348   0.793   0.0773   0.0337    2.30   0.327       54.6   0.0530   0.807711   |     7.32   0.3970   0.9098   0.002   +0.0094  -0.0056  -0.0223   0.74     1.37  -0.011   (1683s)
 7.90    0.988     27.92   0.04535 0.11644 0.14648 0.18101 0.23880 0.21661 0.06220 0.00332   0.861   0.0589   0.0304    1.94   0.330       41.5   0.0525   0.806448   |     7.29   0.4028   0.9215   0.004   -0.0138  -0.0086  -0.0566   0.83     1.40  -0.016   (1693s)
 7.95    0.988     29.55   0.04690 0.11872 0.14624 0.18007 0.23849 0.21199 0.05887 0.00319   0.884   0.0559   0.0305    1.83   0.329       47.5   0.0519   0.805185   |     7.27   0.4026   0.9353   0.008   -0.0155  -0.0093  -0.0480   0.72     1.49  -0.017   (1702s)
 8.00    0.988     30.81   0.04866 0.12123 0.14630 0.17918 0.23744 0.20721 0.05564 0.00307   0.883   0.0560   0.0295    1.90   0.325       45.8   0.0513   0.803921   |     7.22   0.4065   0.9491   0.011   -0.0070  -0.0075  -0.0518   0.71     1.50  -0.013   (1712s)

C26 Lagrangian: gap 0.6160 -> 0.3507 (min at t = 7.15, inside the clock 8.00); linear fit T* = 13.23, lambda = 1.02; jump 1.1355 at seed -> max 1.1397 before the merge (x1.00); material |w| 7.5 -> 7.9
C29 who closes the gap: on the descent the measured closing rate (u) is -0.0708 median (finite-difference of the gap -0.0688), the self-induced rate (u_H) -0.0670: self-induced share 1.20
REGISTERED C29: PASS: the sheets close under their own induction
C30/C31 three masks on the descent: closing rate from the pair (>0.5 max) -0.0670, the whole sheets (>0.1 max) -0.0805, full -0.0708 -> shares pair 1.20, sheets 1.21, far field -0.21 (far share first -> last: -0.11 -> -0.85); curvature kappa 0.44 -> 1.53; C_LIA = rate_pair/(jump kappa gap) median -0.145, max/min -
REGISTERED C30: between
REGISTERED C31: KILL: the gap closes without the rest of the box (far share -0.21)
flipped fluid sits at 0.73 of the gap from the other sheet (median over the post-merge rows): threads beside them
C32 closing law: k = -dgap/dt / (gap - delta) on the descent: median 0.16, spread 0.00..0.35 over 63 rows (t 3.00-7.10)
C28 flip: fraction of tagged particles with reversed omega . xi_ref: 0.000 at seed -> 0.000 at the merge -> 0.011 at the clock; gap after the merge re-opens, no second closing inside the clock
REGISTERED C28: KILL: clean cut (flip 0.011)
REGISTERED C26: PASS: linear closing, bounded jump

C22 descent: separation -> peak twist, peak time (clock expires at t = 8.00)
   sep 0.05   peak 0.04866 at t = 8.00   (at the clock or at t = 0: not a peak)
   sep 0.07   peak 0.12123 at t = 8.00   (at the clock or at t = 0: not a peak)
   sep 0.10   peak 0.14771 at t = 7.70
   sep 0.14   peak 0.19087 at t = 7.35
   sep 0.20   peak 0.23880 at t = 7.90
   sep 0.28   peak 0.26333 at t = 6.75
   sep 0.40   peak 0.27356 at t = 5.35
   sep 0.56   peak 0.30330 at t = 3.55
   halving times (time for the wave to descend one octave), from resolved peaks only:
      0.56 -> 0.40 : 1.80  per octave 3.71
      0.40 -> 0.28 : 1.40  per octave 2.72
      0.28 -> 0.20 : 1.15  per octave 2.37
      0.20 -> 0.14 : -0.55  per octave -1.07
      0.14 -> 0.10 : 0.35  per octave 0.72
   V: gap = 0.099 (9.25 - t) from sep >= 0.1, T* = 9.25; thickness e-fold 12.64 fitted on t in [0.20, 7.70]; arms meet at t = 8.76, scale 0.048, sqrt(nu/s) there 0.029 (beyond the clock)

clock expires at t = 8.00 (delta 0.0513); strong twist peak 0.14771 at t = 7.70, at the clock 0.14630 (fall 1%); max|w| growth to the clock 2.76x
race variable ell/ell_nu min inside the clock = 0.19 (at t = 2.15); cut fraction at the clock 0.325
C21: Re_seam at the twist peak (t = 7.70) = 200.9; twist peak 0.14771; max|w| at the peak 20.3
REGISTERED C20 at nu=0.001: between (see rows)
