seam race on GPU: IC=kp  N=256^3  nu=0.001  T=2.0  Z0=0.375  clock 2dx=0.0491  device=cuda
   t     Z/Z0    max|w|   twist@0.05 @0.07 @0.1 @0.14 @0.2 @0.28 @0.4 @0.56   anti    ell     ell_nu   race   cut    Re_seam   delta
 0.00    1.000      2.41   0.00000 0.00000 0.00000 0.00000 0.00002 0.00015 0.00124 0.00924   0.000   0.7182   9637.5420     nan   0.000      735.6   -0.0064  <-- past the clock   (1s)
 0.05    0.999      2.41   0.00000 0.00000 0.00000 0.00000 0.00002 0.00015 0.00125 0.00929   0.000   0.7182   31622.7767     nan   0.000      735.5   0.0055  <-- past the clock   (10s)
 0.10    0.999      2.40   0.00000 0.00000 0.00000 0.00000 0.00002 0.00015 0.00127 0.00942   0.000   0.7185   31622.7767     nan   0.000      732.5   0.0131  <-- past the clock   (19s)
 0.15    0.999      2.39   0.00000 0.00000 0.00000 0.00000 0.00002 0.00015 0.00130 0.00965   0.000   0.7171   31622.7767     nan   0.000      729.7   0.0192  <-- past the clock   (28s)
 0.20    0.999      2.38   0.00000 0.00000 0.00000 0.00000 0.00002 0.00016 0.00135 0.00996   0.000   0.7163   31622.7767     nan   0.000      728.1   0.0248  <-- past the clock   (37s)
 0.25    1.001      2.36   0.00000 0.00000 0.00000 0.00000 0.00003 0.00017 0.00141 0.01038   0.000   0.7150   31622.7767     nan   0.000      720.2   0.0297  <-- past the clock   (46s)
 0.30    1.002      2.33   0.00000 0.00000 0.00000 0.00001 0.00003 0.00018 0.00150 0.01091   0.000   0.7143   31622.7767     nan   0.000      715.7   0.0339  <-- past the clock   (55s)
 0.35    1.004      2.31   0.00000 0.00000 0.00000 0.00001 0.00003 0.00019 0.00160 0.01155   0.000   0.7138   31622.7767     nan   0.000      707.9   0.0371  <-- past the clock   (64s)
 0.40    1.007      2.28   0.00000 0.00000 0.00000 0.00001 0.00003 0.00021 0.00172 0.01232   0.000   0.7129   31622.7767     nan   0.000      700.0   0.0393  <-- past the clock   (73s)
 0.45    1.010      2.25   0.00000 0.00000 0.00000 0.00001 0.00004 0.00023 0.00187 0.01323   0.000   0.7112   31622.7767     nan   0.000      690.9   0.0407  <-- past the clock   (82s)
 0.50    1.013      2.21   0.00000 0.00000 0.00000 0.00001 0.00004 0.00026 0.00205 0.01430   0.000   0.7106   31622.7767     nan   0.000      681.1   0.0415  <-- past the clock   (91s)
 0.55    1.017      2.18   0.00000 0.00000 0.00000 0.00001 0.00005 0.00029 0.00226 0.01555   0.000   0.7121   31622.7767     nan   0.000      674.4   0.0417  <-- past the clock   (100s)
 0.60    1.022      2.14   0.00000 0.00000 0.00000 0.00001 0.00005 0.00032 0.00252 0.01700   0.000   0.7165   31622.7767     nan   0.000      672.2   0.0415  <-- past the clock   (109s)
 0.65    1.027      2.10   0.00000 0.00000 0.00000 0.00001 0.00006 0.00037 0.00282 0.01870   0.000   0.7261   31622.7767     nan   0.000      678.1   0.0405  <-- past the clock   (119s)
 0.70    1.032      2.05   0.00000 0.00000 0.00000 0.00001 0.00007 0.00042 0.00318 0.02068   0.000   0.7389   0.5005    1.48   0.000      691.9   0.0395  <-- past the clock   (128s)
 0.75    1.038      2.01   0.00000 0.00000 0.00000 0.00002 0.00008 0.00048 0.00362 0.02299   0.000   0.7421   0.2684    2.76   0.000      682.9   0.0386  <-- past the clock   (137s)
 0.80    1.045      1.96   0.00000 0.00000 0.00000 0.00002 0.00010 0.00055 0.00415 0.02567   0.000   0.7346   0.2106    3.49   0.000      653.8   0.0374  <-- past the clock   (146s)
 0.85    1.052      1.92   0.00000 0.00000 0.00000 0.00002 0.00011 0.00064 0.00479 0.02879   0.000   0.7228   0.1814    3.99   0.000      623.8   0.0366  <-- past the clock   (155s)
 0.90    1.059      1.87   0.00000 0.00000 0.00000 0.00003 0.00013 0.00074 0.00558 0.03239   0.000   0.7092   0.1611    4.40   0.000      594.2   0.0364  <-- past the clock   (164s)
 0.95    1.067      1.82   0.00000 0.00000 0.00000 0.00003 0.00016 0.00086 0.00656 0.03656   0.000   0.6922   0.1484    4.67   0.000      558.9   0.0381  <-- past the clock   (173s)
 1.00    1.076      1.77   0.00000 0.00000 0.00000 0.00004 0.00018 0.00100 0.00777 0.04134   0.000   0.6717   0.1393    4.82   0.000      516.8   0.0428  <-- past the clock   (182s)
 1.05    1.085      1.72   0.00000 0.00000 0.00000 0.00004 0.00021 0.00119 0.00927 0.04683   0.000   0.6541   0.1326    4.93   0.000      483.4   0.0519   (191s)
 1.10    1.095      1.68   0.00000 0.00000 0.00001 0.00005 0.00025 0.00142 0.01111 0.05307   0.000   0.6341   0.1269    5.00   0.000      451.2   0.0643   (200s)
 1.15    1.105      1.65   0.00000 0.00000 0.00001 0.00006 0.00029 0.00172 0.01336 0.06015   0.000   0.6189   0.1231    5.03   0.000      428.8   0.0798   (209s)
 1.20    1.116      1.62   0.00000 0.00000 0.00001 0.00007 0.00034 0.00211 0.01611 0.06810   0.000   0.6036   0.1176    5.13   0.000      404.7   0.0976   (218s)
 1.25    1.127      1.59   0.00000 0.00000 0.00001 0.00009 0.00040 0.00262 0.01943 0.07698   0.000   0.5887   0.1134    5.19   0.000      384.4   0.1163   (227s)
 1.30    1.139      1.56   0.00000 0.00000 0.00001 0.00010 0.00048 0.00327 0.02343 0.08682   0.000   0.5764   0.1084    5.32   0.000      366.1   0.1349   (236s)
 1.35    1.151      1.54   0.00000 0.00000 0.00001 0.00012 0.00058 0.00412 0.02819 0.09763   0.000   0.5632   0.1045    5.39   0.000      350.8   0.1517   (246s)
 1.40    1.164      1.54   0.00000 0.00000 0.00002 0.00014 0.00072 0.00520 0.03381 0.10940   0.000   0.5603   0.1015    5.52   0.000      349.8   0.1663   (255s)
 1.45    1.178      1.58   0.00000 0.00000 0.00002 0.00016 0.00091 0.00656 0.04040 0.12209   0.000   0.5698   0.0995    5.73   0.000      367.1   0.1776   (264s)
 1.50    1.192      1.62   0.00000 0.00000 0.00002 0.00019 0.00115 0.00827 0.04805 0.13564   0.000   0.5809   0.0976    5.95   0.000      384.5   0.1858   (273s)
 1.55    1.207      1.65   0.00000 0.00001 0.00002 0.00022 0.00148 0.01039 0.05684 0.14993   0.000   0.5919   0.0959    6.17   0.000      402.4   0.1904   (282s)
 1.60    1.222      1.69   0.00000 0.00001 0.00003 0.00027 0.00192 0.01300 0.06686 0.16486   0.000   0.6032   0.0944    6.39   0.000      422.8   0.1912   (291s)
 1.65    1.237      1.74   0.00000 0.00001 0.00003 0.00034 0.00248 0.01616 0.07816 0.18025   0.000   0.6140   0.0928    6.62   0.000      445.4   0.1884   (300s)
 1.70    1.254      1.78   0.00000 0.00001 0.00004 0.00044 0.00321 0.01997 0.09078 0.19593   0.000   0.6272   0.0912    6.88   0.000      470.4   0.1825   (309s)
 1.75    1.270      1.82   0.00000 0.00001 0.00004 0.00057 0.00413 0.02450 0.10472 0.21169   0.000   0.6389   0.0892    7.16   0.000      495.1   0.1752   (318s)
 1.80    1.288      1.86   0.00000 0.00001 0.00005 0.00074 0.00529 0.02985 0.11996 0.22732   0.000   0.6510   0.0874    7.45   0.000      516.0   0.1676   (327s)
 1.85    1.306      1.91   0.00000 0.00001 0.00006 0.00097 0.00673 0.03608 0.13644 0.24258   0.000   0.6628   0.0854    7.76   0.000      542.2   0.1605   (336s)
 1.90    1.324      1.95   0.00000 0.00001 0.00007 0.00127 0.00850 0.04329 0.15409 0.25727   0.000   0.6707   0.0835    8.03   0.000      563.1   0.1540   (345s)
 1.95    1.343      2.00   0.00000 0.00001 0.00008 0.00166 0.01064 0.05153 0.17276 0.27115   0.001   0.6671   0.0822    8.12   0.000      546.5   0.1481   (354s)
 2.00    1.362      2.05   0.00000 0.00002 0.00010 0.00215 0.01321 0.06087 0.19230 0.28405   0.002   0.6450   0.0810    7.96   0.000      512.5   0.1428   (363s)

C22 descent: separation -> peak twist, peak time (clock expires at t = 2.00)
   sep 0.05   peak 0.00000 at t = 2.00   (at the clock: not a peak)
   sep 0.07   peak 0.00002 at t = 2.00   (at the clock: not a peak)
   sep 0.10   peak 0.00010 at t = 2.00   (at the clock: not a peak)
   sep 0.14   peak 0.00215 at t = 2.00   (at the clock: not a peak)
   sep 0.20   peak 0.01321 at t = 2.00   (at the clock: not a peak)
   sep 0.28   peak 0.06087 at t = 2.00   (at the clock: not a peak)
   sep 0.40   peak 0.19230 at t = 2.00   (at the clock: not a peak)
   sep 0.56   peak 0.28405 at t = 2.00   (at the clock: not a peak)

clock expires at t = 2.00 (delta 0.1428); strong twist peak 0.00010 at t = 2.00, at the clock 0.00010 (fall 0%); max|w| growth to the clock 0.85x
race variable ell/ell_nu min inside the clock = 1.48 (at t = 0.70); cut fraction at the clock 0.000
C21: Re_seam at the twist peak (t = 2.00) = 512.5; twist peak 0.00010; max|w| at the peak 2.0
REGISTERED C20 at nu=0.001: between (see rows)
