seam race on GPU: IC=pair  N=256^3  nu=0.002  T=6.0  Z0=0.375  clock 2dx=0.0491  device=cuda
   t     Z/Z0    max|w|   twist@0.05 @0.07 @0.1 @0.14 @0.2 @0.28 @0.4 @0.56   anti    ell     ell_nu   race   cut    Re_seam   delta
 0.00    1.000     12.18   0.00001 0.00005 0.00025 0.00182 0.00677 0.02499 0.08353 0.15794   0.000   0.2461   44721.3596     nan   0.000      252.6   0.0186  <-- past the clock   (1s)
 0.05    0.994     12.10   0.00001 0.00005 0.00024 0.00176 0.00659 0.02445 0.08234 0.15678   0.000   0.2464   0.3588    0.69   0.000      253.7   0.0272  <-- past the clock   (12s)
 0.10    0.988     12.04   0.00000 0.00005 0.00022 0.00165 0.00620 0.02330 0.07973 0.15352   0.000   0.2477   0.2835    0.87   0.000      253.2   0.0692   (24s)
 0.15    0.982     11.94   0.00000 0.00004 0.00020 0.00149 0.00569 0.02174 0.07610 0.14873   0.000   0.2490   0.2788    0.89   0.000      252.8   0.1337   (35s)
 0.20    0.977     11.86   0.00000 0.00004 0.00018 0.00133 0.00513 0.01999 0.07191 0.14307   0.000   0.2506   0.3186    0.79   0.000      253.2   0.1719   (47s)
 0.25    0.971     11.76   0.00000 0.00003 0.00015 0.00117 0.00458 0.01824 0.06762 0.13713   0.000   0.2524   0.5497    0.46   0.000      254.2   0.1683   (58s)
 0.30    0.965     11.64   0.00000 0.00003 0.00014 0.00103 0.00408 0.01661 0.06355 0.13133   0.000   0.2552   44721.3596     nan   0.000      256.4   0.1517   (70s)
 0.35    0.960     11.54   0.00000 0.00003 0.00012 0.00091 0.00364 0.01517 0.05992 0.12599   0.000   0.2583   44721.3596     nan   0.000      258.3   0.1382   (80s)
 0.40    0.955     11.44   0.00000 0.00002 0.00010 0.00080 0.00327 0.01394 0.05687 0.12131   0.000   0.2626   44721.3596     nan   0.000      262.3   0.1278   (90s)
 0.45    0.950     11.35   0.00000 0.00002 0.00009 0.00072 0.00295 0.01290 0.05441 0.11743   0.000   0.2678   44721.3596     nan   0.000      269.0   0.1198   (100s)
 0.50    0.947     11.27   0.00000 0.00002 0.00008 0.00064 0.00268 0.01203 0.05253 0.11445   0.000   0.2732   44721.3596     nan   0.000      276.4   0.1137   (111s)
 0.55    0.943     11.18   0.00000 0.00002 0.00007 0.00058 0.00245 0.01130 0.05116 0.11244   0.000   0.2783   44721.3596     nan   0.000      282.2   0.1089   (121s)
 0.60    0.941     11.07   0.00000 0.00001 0.00007 0.00053 0.00227 0.01070 0.05022 0.11143   0.000   0.2827   44721.3596     nan   0.000      286.0   0.1053   (131s)
 0.65    0.940     10.98   0.00000 0.00001 0.00006 0.00048 0.00212 0.01021 0.04965 0.11146   0.000   0.2859   44721.3596     nan   0.000      288.8   0.1026   (140s)
 0.70    0.939     10.90   0.00000 0.00001 0.00006 0.00045 0.00200 0.00982 0.04936 0.11254   0.000   0.2899   44721.3596     nan   0.000      296.1   0.1006   (149s)
 0.75    0.939     10.81   0.00000 0.00001 0.00005 0.00043 0.00191 0.00952 0.04931 0.11466   0.000   0.2917   44721.3596     nan   0.000      300.0   0.0992   (158s)
 0.80    0.940     10.71   0.00000 0.00001 0.00005 0.00042 0.00186 0.00932 0.04946 0.11780   0.000   0.2934   44721.3596     nan   0.000      299.2   0.0981   (168s)
 0.85    0.941     10.62   0.00000 0.00001 0.00005 0.00041 0.00183 0.00920 0.04978 0.12192   0.000   0.2950   44721.3596     nan   0.000      299.8   0.0973   (177s)
 0.90    0.942     10.52   0.00000 0.00001 0.00005 0.00042 0.00184 0.00917 0.05027 0.12695   0.000   0.2964   44721.3596     nan   0.000      300.9   0.0967   (186s)
 0.95    0.945     10.78   0.00000 0.00001 0.00005 0.00043 0.00188 0.00924 0.05090 0.13283   0.000   0.3045   44721.3596     nan   0.000      318.8   0.0963   (195s)
 1.00    0.947     11.12   0.00000 0.00001 0.00006 0.00045 0.00195 0.00940 0.05169 0.13949   0.000   0.3133   44721.3596     nan   0.000      343.5   0.0959   (204s)
 1.05    0.950     11.44   0.00000 0.00001 0.00006 0.00049 0.00206 0.00966 0.05263 0.14684   0.000   0.3221   44721.3596     nan   0.000      370.7   0.0956   (213s)
 1.10    0.953     11.83   0.00000 0.00002 0.00007 0.00054 0.00222 0.01000 0.05371 0.15483   0.000   0.3332   44721.3596     nan   0.000      403.7   0.0954   (222s)
 1.15    0.956     12.19   0.00000 0.00002 0.00008 0.00060 0.00243 0.01042 0.05495 0.16339   0.000   0.3460   44721.3596     nan   0.000      439.5   0.0951   (231s)
 1.20    0.959     12.62   0.00000 0.00002 0.00009 0.00068 0.00269 0.01090 0.05633 0.17247   0.000   0.3612   44721.3596     nan   0.000      490.3   0.0948   (240s)
 1.25    0.962     12.99   0.00000 0.00002 0.00010 0.00080 0.00301 0.01143 0.05787 0.18201   0.000   0.3802   44721.3596     nan   0.000      556.8   0.0945   (249s)
 1.30    0.966     13.45   0.00000 0.00003 0.00012 0.00095 0.00339 0.01198 0.05955 0.19201   0.000   0.4034   44721.3596     nan   0.000      642.2   0.0942   (258s)
 1.35    0.969     13.85   0.00000 0.00003 0.00015 0.00113 0.00381 0.01254 0.06139 0.20242   0.000   0.4252   0.6966    0.61   0.000      723.5   0.0938   (267s)
 1.40    0.972     14.25   0.00001 0.00004 0.00018 0.00135 0.00427 0.01309 0.06338 0.21320   0.000   0.4395   0.2697    1.63   0.000      789.1   0.0934   (276s)
 1.45    0.976     14.71   0.00001 0.00005 0.00022 0.00160 0.00474 0.01360 0.06553 0.22429   0.000   0.4513   0.1947    2.32   0.000      844.4   0.0929   (285s)
 1.50    0.979     15.10   0.00001 0.00006 0.00028 0.00187 0.00522 0.01406 0.06782 0.23559   0.000   0.4449   0.1546    2.88   0.000      838.7   0.0923   (295s)
 1.55    0.983     15.48   0.00001 0.00008 0.00034 0.00217 0.00567 0.01446 0.07026 0.24698   0.000   0.3941   0.1290    3.05   0.000      709.8   0.0917   (304s)
 1.60    0.986     15.94   0.00001 0.00010 0.00042 0.00247 0.00607 0.01480 0.07283 0.25831   0.000   0.2717   0.1052    2.58   0.000      389.0   0.0911   (313s)
 1.65    0.990     16.34   0.00002 0.00012 0.00050 0.00277 0.00643 0.01508 0.07549 0.26943   0.000   0.2224   0.0978    2.27   0.000      262.9   0.0904   (322s)
 1.70    0.993     16.68   0.00002 0.00015 0.00060 0.00305 0.00671 0.01529 0.07820 0.28020   0.000   0.1987   0.0942    2.11   0.000      218.6   0.0896   (331s)
 1.75    0.996     17.06   0.00002 0.00018 0.00070 0.00331 0.00691 0.01546 0.08092 0.29048   0.000   0.1909   0.0941    2.03   0.000      210.7   0.0889   (340s)
 1.80    0.999     17.49   0.00003 0.00021 0.00080 0.00352 0.00704 0.01559 0.08359 0.30015   0.000   0.1894   0.1008    1.88   0.000      209.3   0.0881   (349s)
 1.85    1.003     17.87   0.00003 0.00025 0.00091 0.00370 0.00710 0.01568 0.08614 0.30914   0.000   0.1838   0.0978    1.88   0.000      204.4   0.0872   (358s)
 1.90    1.006     18.20   0.00004 0.00029 0.00101 0.00382 0.00709 0.01575 0.08853 0.31736   0.000   0.1800   0.1026    1.75   0.000      198.9   0.0864   (367s)
 1.95    1.009     18.48   0.00005 0.00033 0.00110 0.00389 0.00702 0.01580 0.09073 0.32479   0.000   0.1772   0.1063    1.67   0.000      197.8   0.0856   (376s)
 2.00    1.012     18.92   0.00006 0.00037 0.00118 0.00390 0.00692 0.01582 0.09270 0.33140   0.000   0.1747   0.1059    1.65   0.000      196.8   0.0848   (385s)
 2.05    1.015     19.32   0.00007 0.00041 0.00124 0.00388 0.00679 0.01583 0.09445 0.33718   0.000   0.1730   0.1101    1.57   0.000      187.6   0.0841   (394s)
 2.10    1.018     19.65   0.00008 0.00045 0.00129 0.00381 0.00666 0.01582 0.09600 0.34215   0.000   0.1712   0.1125    1.52   0.000      186.2   0.0835   (403s)
 2.15    1.021     19.91   0.00008 0.00048 0.00132 0.00372 0.00652 0.01579 0.09738 0.34631   0.000   0.1648   0.1157    1.43   0.000      189.6   0.0831   (412s)
 2.20    1.024     20.25   0.00009 0.00050 0.00133 0.00361 0.00640 0.01576 0.09864 0.34967   0.000   0.1637   0.1240    1.32   0.000      188.7   0.0827   (421s)
 2.25    1.027     20.64   0.00010 0.00052 0.00132 0.00350 0.00629 0.01573 0.09982 0.35226   0.000   0.1649   0.1230    1.34   0.000      184.7   0.0825   (431s)
 2.30    1.031     20.95   0.00011 0.00053 0.00130 0.00339 0.00622 0.01571 0.10096 0.35409   0.000   0.1626   0.1141    1.42   0.000      183.5   0.0822   (440s)
 2.35    1.034     21.15   0.00011 0.00053 0.00127 0.00329 0.00617 0.01570 0.10211 0.35519   0.000   0.1597   0.1143    1.40   0.000      183.6   0.0820   (449s)
 2.40    1.038     21.42   0.00011 0.00052 0.00122 0.00322 0.00615 0.01572 0.10330 0.35559   0.000   0.1591   0.1131    1.41   0.000      188.1   0.0816   (458s)
 2.45    1.041     21.76   0.00012 0.00051 0.00118 0.00316 0.00617 0.01578 0.10456 0.35531   0.000   0.1605   0.1081    1.48   0.000      185.9   0.0812   (467s)
 2.50    1.045     21.99   0.00012 0.00050 0.00113 0.00312 0.00622 0.01588 0.10590 0.35441   0.000   0.1589   0.1018    1.56   0.000      182.5   0.0807   (476s)
 2.55    1.049     22.11   0.00011 0.00048 0.00108 0.00311 0.00630 0.01604 0.10733 0.35293   0.000   0.1577   0.0971    1.63   0.000      182.0   0.0801   (485s)
 2.60    1.053     22.33   0.00011 0.00046 0.00104 0.00313 0.00642 0.01626 0.10883 0.35093   0.000   0.1562   0.0922    1.69   0.000      187.2   0.0795   (494s)
 2.65    1.058     22.59   0.00011 0.00044 0.00100 0.00316 0.00656 0.01656 0.11039 0.34847   0.000   0.1585   0.0910    1.74   0.000      193.5   0.0788   (503s)
 2.70    1.062     22.73   0.00010 0.00042 0.00098 0.00322 0.00673 0.01694 0.11200 0.34560   0.000   0.1596   0.0905    1.76   0.000      191.7   0.0781   (512s)
 2.75    1.067     22.75   0.00010 0.00040 0.00096 0.00330 0.00692 0.01741 0.11360 0.34238   0.000   0.1607   0.0877    1.83   0.000      191.9   0.0774   (521s)
 2.80    1.072     22.95   0.00010 0.00038 0.00094 0.00339 0.00714 0.01797 0.11516 0.33889   0.001   0.1592   0.0870    1.83   0.000      201.0   0.0767   (530s)
 2.85    1.077     23.12   0.00009 0.00036 0.00093 0.00349 0.00738 0.01865 0.11665 0.33515   0.002   0.1609   0.0892    1.80   0.000      203.5   0.0761   (539s)
 2.90    1.082     23.17   0.00008 0.00034 0.00094 0.00361 0.00764 0.01943 0.11804 0.33122   0.004   0.1605   0.0901    1.78   0.000      196.8   0.0755   (548s)
 2.95    1.087     23.10   0.00008 0.00033 0.00094 0.00374 0.00791 0.02032 0.11930 0.32714   0.005   0.1610   0.0936    1.72   0.000      199.4   0.0750   (558s)
 3.00    1.092     23.28   0.00007 0.00032 0.00096 0.00388 0.00822 0.02132 0.12042 0.32291   0.004   0.1619   0.0915    1.77   0.000      205.6   0.0746   (567s)
 3.05    1.097     23.35   0.00007 0.00032 0.00098 0.00402 0.00854 0.02242 0.12142 0.31856   0.003   0.1634   0.0913    1.79   0.000      204.6   0.0742   (576s)
 3.10    1.103     23.31   0.00007 0.00032 0.00101 0.00418 0.00889 0.02360 0.12232 0.31410   0.003   0.1645   0.0911    1.81   0.000      205.6   0.0738   (585s)
 3.15    1.108     23.21   0.00006 0.00032 0.00104 0.00435 0.00927 0.02484 0.12314 0.30953   0.003   0.1644   0.0938    1.75   0.000      207.2   0.0734   (594s)
 3.20    1.113     23.31   0.00006 0.00032 0.00108 0.00452 0.00969 0.02613 0.12392 0.30485   0.003   0.1644   0.0956    1.72   0.071      209.2   0.0731   (603s)
 3.25    1.119     23.30   0.00006 0.00033 0.00113 0.00471 0.01014 0.02744 0.12468 0.30006   0.003   0.1674   0.0942    1.78   0.154      208.9   0.0727   (612s)
 3.30    1.124     23.16   0.00006 0.00034 0.00117 0.00490 0.01062 0.02875 0.12545 0.29516   0.004   0.1659   0.0941    1.76   0.158      205.2   0.0724   (621s)
 3.35    1.129     23.07   0.00005 0.00036 0.00123 0.00511 0.01114 0.03005 0.12623 0.29014   0.007   0.1646   0.0935    1.76   0.114      205.4   0.0722   (630s)
 3.40    1.135     23.07   0.00005 0.00037 0.00128 0.00532 0.01169 0.03135 0.12701 0.28503   0.009   0.1663   0.0937    1.77   0.087      206.3   0.0721   (639s)
 3.45    1.140     22.96   0.00006 0.00038 0.00133 0.00555 0.01227 0.03265 0.12778 0.27983   0.011   0.1671   0.0935    1.79   0.138      213.0   0.0722   (648s)
 3.50    1.145     22.74   0.00006 0.00040 0.00139 0.00578 0.01287 0.03396 0.12851 0.27456   0.014   0.1651   0.0949    1.74   0.167      180.9   0.0723   (657s)
 3.55    1.150     22.67   0.00006 0.00042 0.00146 0.00603 0.01348 0.03530 0.12918 0.26924   0.016   0.1656   0.0960    1.73   0.136      123.9   0.0726   (666s)
 3.60    1.154     22.58   0.00006 0.00043 0.00152 0.00629 0.01411 0.03670 0.12977 0.26388   0.018   0.1656   0.0957    1.73   0.149      108.5   0.0730   (675s)
 3.65    1.159     22.38   0.00006 0.00045 0.00159 0.00656 0.01476 0.03816 0.13023 0.25853   0.020   0.1657   0.0981    1.69   0.172      101.2   0.0734   (685s)
 3.70    1.163     22.14   0.00006 0.00047 0.00167 0.00684 0.01542 0.03972 0.13056 0.25319   0.023   0.1648   0.1011    1.63   0.154       90.7   0.0738   (694s)
 3.75    1.167     22.06   0.00006 0.00050 0.00175 0.00713 0.01610 0.04137 0.13072 0.24791   0.025   0.1646   0.1011    1.63   0.159       83.9   0.0742   (703s)
 3.80    1.171     22.22   0.00006 0.00053 0.00184 0.00743 0.01680 0.04312 0.13070 0.24271   0.026   0.1656   0.1012    1.64   0.161       83.3   0.0746   (712s)
 3.85    1.175     22.30   0.00007 0.00056 0.00194 0.00774 0.01754 0.04497 0.13050 0.23760   0.026   0.1650   0.1029    1.60   0.151       80.9   0.0749   (721s)
 3.90    1.178     22.25   0.00007 0.00060 0.00204 0.00807 0.01833 0.04692 0.13010 0.23260   0.028   0.1663   0.1035    1.61   0.176       78.6   0.0752   (730s)
 3.95    1.181     22.44   0.00008 0.00064 0.00214 0.00842 0.01917 0.04895 0.12952 0.22774   0.028   0.1664   0.1049    1.59   0.170       76.1   0.0753   (739s)
 4.00    1.184     22.45   0.00008 0.00068 0.00225 0.00878 0.02009 0.05105 0.12875 0.22302   0.030   0.1665   0.1063    1.57   0.144       82.4   0.0754   (748s)
 4.05    1.187     22.69   0.00009 0.00072 0.00236 0.00916 0.02109 0.05321 0.12782 0.21845   0.032   0.1694   0.1088    1.56   0.145       84.1   0.0754   (757s)
 4.10    1.189     22.78   0.00010 0.00076 0.00247 0.00958 0.02218 0.05541 0.12675 0.21402   0.034   0.1701   0.1093    1.56   0.156       92.3   0.0753   (766s)
 4.15    1.192     22.59   0.00011 0.00081 0.00259 0.01003 0.02339 0.05762 0.12555 0.20975   0.034   0.1680   0.1097    1.53   0.158       88.8   0.0750   (775s)
 4.20    1.194     22.82   0.00011 0.00085 0.00271 0.01052 0.02471 0.05981 0.12424 0.20562   0.036   0.1708   0.1131    1.51   0.133       86.9   0.0747   (784s)
 4.25    1.196     22.88   0.00012 0.00089 0.00283 0.01106 0.02616 0.06196 0.12286 0.20163   0.037   0.1717   0.1168    1.47   0.144       87.7   0.0743   (793s)
 4.30    1.197     22.83   0.00013 0.00093 0.00297 0.01166 0.02776 0.06404 0.12143 0.19778   0.037   0.1714   0.1180    1.45   0.162       99.9   0.0740   (802s)
 4.35    1.199     22.81   0.00013 0.00097 0.00311 0.01232 0.02950 0.06601 0.11997 0.19407   0.040   0.1729   0.1171    1.48   0.157       84.8   0.0736   (812s)
 4.40    1.200     22.70   0.00014 0.00101 0.00326 0.01306 0.03140 0.06786 0.11850 0.19047   0.045   0.1722   0.1213    1.42   0.142       71.0   0.0732   (821s)
 4.45    1.201     22.89   0.00015 0.00106 0.00342 0.01388 0.03346 0.06955 0.11703 0.18701   0.044   0.1748   0.1213    1.44   0.151       83.1   0.0728   (830s)
 4.50    1.202     22.88   0.00016 0.00111 0.00360 0.01480 0.03567 0.07106 0.11557 0.18366   0.049   0.1739   0.1146    1.52   0.158       73.0   0.0724   (839s)
 4.55    1.203     22.64   0.00017 0.00117 0.00381 0.01584 0.03802 0.07239 0.11413 0.18043   0.055   0.1735   0.1140    1.52   0.156       66.1   0.0720   (848s)
 4.60    1.204     22.77   0.00017 0.00124 0.00404 0.01701 0.04050 0.07351 0.11273 0.17733   0.056   0.1759   0.1136    1.55   0.156       69.1   0.0717   (857s)
 4.65    1.204     22.70   0.00019 0.00131 0.00430 0.01831 0.04309 0.07443 0.11137 0.17436   0.060   0.1754   0.1080    1.62   0.157       63.6   0.0713   (866s)
 4.70    1.204     22.50   0.00020 0.00140 0.00459 0.01978 0.04576 0.07517 0.11005 0.17153   0.065   0.1753   0.1089    1.61   0.180       61.3   0.0710   (875s)
 4.75    1.204     22.51   0.00022 0.00150 0.00493 0.02141 0.04848 0.07571 0.10877 0.16883   0.068   0.1767   0.1116    1.58   0.177       58.5   0.0707   (884s)
 4.80    1.204     22.35   0.00024 0.00161 0.00532 0.02323 0.05121 0.07609 0.10754 0.16627   0.074   0.1765   0.1081    1.63   0.186       54.6   0.0704   (893s)
 4.85    1.204     22.33   0.00025 0.00174 0.00578 0.02524 0.05391 0.07631 0.10637 0.16385   0.076   0.1761   0.1091    1.61   0.200       57.2   0.0701   (902s)
 4.90    1.204     22.16   0.00028 0.00189 0.00630 0.02744 0.05653 0.07641 0.10524 0.16156   0.084   0.1762   0.1127    1.56   0.189       54.8   0.0698   (911s)
 4.95    1.203     22.06   0.00031 0.00206 0.00691 0.02982 0.05902 0.07639 0.10416 0.15939   0.091   0.1759   0.1128    1.56   0.204       55.6   0.0695   (920s)
 5.00    1.202     22.03   0.00034 0.00226 0.00761 0.03239 0.06135 0.07629 0.10314 0.15735   0.094   0.1768   0.1139    1.55   0.209       56.6   0.0692   (929s)
 5.05    1.201     21.73   0.00037 0.00250 0.00843 0.03510 0.06347 0.07612 0.10217 0.15541   0.100   0.1758   0.1155    1.52   0.226       58.3   0.0689   (939s)
 5.10    1.200     21.79   0.00041 0.00277 0.00937 0.03793 0.06535 0.07593 0.10126 0.15357   0.109   0.1760   0.1213    1.45   0.232       61.5   0.0686   (948s)
 5.15    1.199     21.58   0.00046 0.00310 0.01045 0.04084 0.06699 0.07572 0.10041 0.15183   0.113   0.1758   0.1145    1.53   0.239       61.4   0.0683   (957s)
 5.20    1.197     21.46   0.00051 0.00348 0.01168 0.04377 0.06836 0.07552 0.09963 0.15016   0.122   0.1769   0.1183    1.50   0.240       62.5   0.0679   (966s)
 5.25    1.195     21.43   0.00058 0.00393 0.01307 0.04668 0.06949 0.07537 0.09892 0.14856   0.128   0.1775   0.1151    1.54   0.250       66.5   0.0675   (975s)
 5.30    1.193     21.11   0.00066 0.00445 0.01462 0.04952 0.07039 0.07527 0.09830 0.14703   0.135   0.1760   0.1117    1.58   0.263       68.0   0.0672   (984s)
 5.35    1.191     21.13   0.00076 0.00506 0.01634 0.05223 0.07109 0.07525 0.09777 0.14554   0.143   0.1784   0.1151    1.55   0.256       70.8   0.0669   (993s)
 5.40    1.188     20.90   0.00087 0.00576 0.01821 0.05479 0.07165 0.07532 0.09733 0.14408   0.146   0.1796   0.1096    1.64   0.267       73.7   0.0666   (1002s)
 5.45    1.186     20.86   0.00101 0.00657 0.02021 0.05715 0.07210 0.07549 0.09701 0.14264   0.154   0.1793   0.1066    1.68   0.273       76.4   0.0663   (1011s)
 5.50    1.183     21.07   0.00118 0.00748 0.02234 0.05932 0.07250 0.07579 0.09680 0.14122   0.158   0.1832   0.1088    1.68   0.292       77.5   0.0662   (1020s)
 5.55    1.180     21.03   0.00138 0.00848 0.02454 0.06127 0.07288 0.07620 0.09671 0.13978   0.166   0.1865   0.1035    1.80   0.287       78.0   0.0661   (1029s)
 5.60    1.176     21.09   0.00160 0.00958 0.02680 0.06304 0.07331 0.07676 0.09674 0.13834   0.171   0.1896   0.1046    1.81   0.302       86.1   0.0660   (1038s)
 5.65    1.173     21.18   0.00186 0.01075 0.02907 0.06464 0.07380 0.07745 0.09690 0.13688   0.177   0.1927   0.0989    1.95   0.306       89.2   0.0661   (1047s)
 5.70    1.169     21.08   0.00215 0.01198 0.03133 0.06610 0.07441 0.07830 0.09718 0.13538   0.185   0.1951   0.0924    2.11   0.315       88.3   0.0662   (1056s)
 5.75    1.165     21.10   0.00245 0.01325 0.03353 0.06748 0.07516 0.07929 0.09759 0.13387   0.189   0.1996   0.0948    2.10   0.333       95.4   0.0663   (1066s)
 5.80    1.161     21.02   0.00278 0.01453 0.03565 0.06879 0.07605 0.08046 0.09811 0.13232   0.194   0.2000   0.0898    2.23   0.326       98.8   0.0665   (1075s)
 5.85    1.157     20.95   0.00311 0.01579 0.03767 0.07010 0.07712 0.08179 0.09874 0.13075   0.196   0.2032   0.0910    2.23   0.353      104.0   0.0666   (1084s)
 5.90    1.152     20.90   0.00344 0.01701 0.03958 0.07143 0.07837 0.08331 0.09946 0.12916   0.204   0.2055   0.0908    2.26   0.346      106.7   0.0668   (1093s)
 5.95    1.147     20.67   0.00376 0.01818 0.04137 0.07282 0.07980 0.08502 0.10026 0.12756   0.207   0.2052   0.0911    2.25   0.362      105.2   0.0670   (1102s)
 6.00    1.142     20.55   0.00407 0.01926 0.04304 0.07427 0.08140 0.08692 0.10113 0.12595   0.213   0.2088   0.0901    2.32   0.347      108.1   0.0672   (1111s)

C22 descent: separation -> peak twist, peak time (clock expires at t = 6.00)
   sep 0.05   peak 0.00407 at t = 6.00   (at the clock: not a peak)
   sep 0.07   peak 0.01926 at t = 6.00   (at the clock: not a peak)
   sep 0.10   peak 0.04304 at t = 6.00   (at the clock: not a peak)
   sep 0.14   peak 0.07427 at t = 6.00   (at the clock: not a peak)
   sep 0.20   peak 0.08140 at t = 6.00   (at the clock: not a peak)
   sep 0.28   peak 0.08692 at t = 6.00   (at the clock: not a peak)
   sep 0.40   peak 0.13072 at t = 3.75
   sep 0.56   peak 0.35559 at t = 2.40

clock expires at t = 6.00 (delta 0.0672); strong twist peak 0.04304 at t = 6.00, at the clock 0.04304 (fall 0%); max|w| growth to the clock 1.69x
race variable ell/ell_nu min inside the clock = 0.46 (at t = 0.25); cut fraction at the clock 0.347
C21: Re_seam at the twist peak (t = 6.00) = 108.1; twist peak 0.04304; max|w| at the peak 20.6
REGISTERED C20 at nu=0.002: KILL: the twist is still rising at the clock with the viscous scale resolved
