seam race on GPU: IC=found  N=256^3  nu=0.001  T=2.0  Z0=0.375  clock 2dx=0.0491  device=cuda
   t     Z/Z0    max|w|   twist@0.05 @0.07 @0.1 @0.14 @0.2 @0.28 @0.4 @0.56   anti    ell     ell_nu   race   cut    Re_seam   delta
 0.00    1.000      8.34   0.00000 0.00000 0.00000 0.00008 0.00058 0.00475 0.04610 0.28107   0.000   0.5067   31622.7767     nan   0.000     1314.0   0.2187   (1s)
 0.05    0.997      8.42   0.00000 0.00000 0.00000 0.00008 0.00054 0.00444 0.04414 0.27347   0.000   0.5077   0.1897    2.68   0.000     1340.1   0.0170  <-- past the clock   (12s)
 0.10    0.996      8.36   0.00000 0.00000 0.00001 0.00008 0.00057 0.00458 0.04479 0.26802   0.000   0.4876   0.0813    5.99   0.000     1237.6   0.0199  <-- past the clock   (24s)
 0.15    1.000      8.30   0.00000 0.00000 0.00001 0.00012 0.00077 0.00554 0.04841 0.26173   0.000   0.4663   0.0645    7.23   0.000     1134.5   0.0528   (35s)
 0.20    1.006      9.75   0.00000 0.00000 0.00003 0.00028 0.00144 0.00819 0.05511 0.25088   0.000   0.4833   0.0557    8.68   0.000     1356.0   0.1383   (47s)
 0.25    1.016     11.40   0.00000 0.00002 0.00010 0.00082 0.00333 0.01378 0.06384 0.23280   0.001   0.5345   0.0491   10.88   0.000     1842.7   0.1739   (58s)
 0.30    1.029     13.18   0.00001 0.00008 0.00034 0.00231 0.00754 0.02305 0.07224 0.20761   0.010   0.4175   0.0434    9.61   0.000       55.0   0.1431   (70s)
 0.35    1.046     15.10   0.00003 0.00027 0.00105 0.00564 0.01503 0.03530 0.07785 0.17827   0.045   0.2409   0.0393    6.14   0.000       72.7   0.1156   (81s)
 0.40    1.066     17.18   0.00012 0.00080 0.00272 0.01159 0.02575 0.04862 0.07933 0.14874   0.087   0.2197   0.0424    5.18   0.000      100.8   0.0951   (92s)
 0.45    1.090     19.38   0.00035 0.00204 0.00594 0.02014 0.03851 0.06093 0.07685 0.12217   0.134   0.2086   0.0442    4.72   0.000      162.5   0.0796   (105s)
 0.50    1.117     21.62   0.00088 0.00432 0.01083 0.03041 0.05187 0.07100 0.07205 0.10032   0.177   0.2020   0.0449    4.49   0.000      266.1   0.0680   (118s)
 0.55    1.148     24.02   0.00180 0.00759 0.01677 0.04134 0.06500 0.07890 0.06730 0.08349   0.215   0.1952   0.0452    4.32   0.000      364.2   0.0593   (130s)
 0.60    1.182     26.48   0.00295 0.01119 0.02269 0.05239 0.07766 0.08536 0.06412 0.07064   0.245   0.1894   0.0450    4.21   0.000      380.0   0.0529   (143s)
 0.65    1.218     29.12   0.00394 0.01415 0.02779 0.06302 0.08939 0.09148 0.06317 0.06043   0.275   0.1870   0.0479    3.91   0.000      389.7   0.0487  <-- past the clock   (156s)
 0.70    1.258     31.74   0.00443 0.01595 0.03181 0.07250 0.10051 0.09983 0.06448 0.05216   0.287   0.1866   0.0577    3.23   0.000      376.7   0.0465  <-- past the clock   (168s)
 0.75    1.299     34.08   0.00442 0.01672 0.03495 0.08109 0.11300 0.11176 0.06598 0.04542   0.298   0.1824   0.0838    2.18   0.000      304.6   0.0458  <-- past the clock   (181s)
 0.80    1.343     36.46   0.00420 0.01716 0.03783 0.09008 0.12757 0.12605 0.06524 0.03981   0.318   0.1765   31622.7767     nan   0.000      280.4   0.0460  <-- past the clock   (193s)
 0.85    1.390     38.47   0.00405 0.01782 0.04088 0.09986 0.14285 0.13892 0.06144 0.03521   0.353   0.1690   31622.7767     nan   0.009      239.2   0.0467  <-- past the clock   (204s)
 0.90    1.437     39.93   0.00408 0.01877 0.04398 0.10904 0.15536 0.14583 0.05472 0.03163   0.399   0.1751   0.1109    1.58   0.022      219.0   0.0482  <-- past the clock   (216s)
 0.95    1.487     41.70   0.00421 0.01973 0.04652 0.11518 0.16146 0.14385 0.04676 0.02903   0.459   0.1751   0.0715    2.45   0.035      220.8   0.0498   (227s)
 1.00    1.537     43.45   0.00433 0.02042 0.04778 0.11626 0.15834 0.13240 0.03993 0.02727   0.534   0.1731   0.0586    2.95   0.051      267.9   0.0512   (238s)
 1.05    1.589     44.74   0.00444 0.02065 0.04741 0.11153 0.14616 0.11493 0.03503 0.02625   0.598   0.1749   0.0488    3.58   0.068      317.5   0.0524   (250s)
 1.10    1.641     46.64   0.00449 0.02053 0.04615 0.10327 0.12972 0.09740 0.03174 0.02587   0.665   0.1701   0.0450    3.78   0.097      387.8   0.0537   (261s)
 1.15    1.693     48.06   0.00466 0.02090 0.04595 0.09641 0.11550 0.08166 0.02968 0.02598   0.740   0.1615   0.0425    3.80   0.136      465.9   0.0547   (273s)
 1.20    1.745     49.34   0.00526 0.02281 0.04856 0.09448 0.10517 0.06657 0.02875 0.02638   0.811   0.1469   0.0407    3.60   0.183      503.4   0.0548   (284s)
 1.25    1.797     49.23   0.00628 0.02605 0.05335 0.09485 0.09590 0.05446 0.02851 0.02678   0.852   0.1387   0.0383    3.62   0.222      486.6   0.0544   (296s)
 1.30    1.847     48.71   0.00734 0.02913 0.05716 0.09307 0.08878 0.04813 0.02838 0.02718   0.867   0.1271   0.0367    3.46   0.261      422.0   0.0535   (307s)
 1.35    1.896     49.16   0.00799 0.03074 0.05880 0.09063 0.08698 0.04859 0.02877 0.02764   0.865   0.1178   0.0353    3.33   0.313      389.1   0.0525   (319s)
 1.40    1.942     48.65   0.00826 0.03139 0.05973 0.09104 0.08924 0.05411 0.02984 0.02817   0.861   0.1067   0.0353    3.02   0.340      331.1   0.0521   (330s)
 1.45    1.987     47.98   0.00865 0.03261 0.06177 0.09438 0.09341 0.06363 0.03151 0.02890   0.845   0.1038   0.0369    2.81   0.360      331.3   0.0519   (342s)
 1.50    2.029     47.50   0.00969 0.03583 0.06679 0.10163 0.10357 0.07673 0.03389 0.02986   0.817   0.1017   0.0363    2.80   0.374      304.0   0.0512   (353s)
 1.55    2.069     47.39   0.01161 0.04161 0.07535 0.11256 0.11796 0.08740 0.03723 0.03103   0.800   0.0985   0.0419    2.35   0.345      275.7   0.0501   (364s)
 1.60    2.106     46.87   0.01362 0.04714 0.08234 0.11968 0.12602 0.09030 0.04137 0.03227   0.800   0.0996   0.0441    2.26   0.330      276.5   0.0488  <-- past the clock   (376s)
 1.65    2.142     46.43   0.01438 0.04802 0.08262 0.11832 0.12005 0.08788 0.04573 0.03352   0.803   0.1004   0.0399    2.52   0.336      271.5   0.0481  <-- past the clock   (387s)
 1.70    2.175     46.47   0.01380 0.04541 0.07780 0.11092 0.10753 0.08241 0.05006 0.03520   0.814   0.1008   0.0400    2.52   0.312      285.9   0.0479  <-- past the clock   (399s)
 1.75    2.206     46.61   0.01360 0.04298 0.07273 0.10712 0.10439 0.07843 0.05445 0.03783   0.810   0.1004   0.0411    2.45   0.303      276.9   0.0475  <-- past the clock   (409s)
 1.80    2.235     45.87   0.01407 0.04172 0.06970 0.10566 0.10455 0.07933 0.05535 0.04101   0.794   0.0990   0.0473    2.10   0.288      262.6   0.0463  <-- past the clock   (419s)
 1.85    2.261     45.83   0.01475 0.04164 0.06864 0.10578 0.10588 0.07934 0.05398 0.04379   0.785   0.0965   0.0440    2.19   0.301      243.3   0.0444  <-- past the clock   (430s)
 1.90    2.284     47.56   0.01515 0.04112 0.06742 0.10558 0.10548 0.07861 0.05373 0.04674   0.785   0.0989   0.0436    2.27   0.301      269.1   0.0426  <-- past the clock   (440s)
 1.95    2.304     47.83   0.01476 0.03981 0.06540 0.10350 0.10432 0.07993 0.05467 0.04770   0.780   0.1003   0.0491    2.04   0.294      281.1   0.0418  <-- past the clock   (450s)
 2.00    2.321     46.43   0.01362 0.03764 0.06212 0.10059 0.10576 0.08376 0.05693 0.04714   0.763   0.0983   0.0648    1.52   0.273      255.2   0.0421  <-- past the clock   (460s)

C22 descent: separation -> peak twist, peak time (clock expires at t = 1.55)
   sep 0.05   peak 0.01161 at t = 1.55   (at the clock: not a peak)
   sep 0.07   peak 0.04161 at t = 1.55   (at the clock: not a peak)
   sep 0.10   peak 0.07535 at t = 1.55   (at the clock: not a peak)
   sep 0.14   peak 0.11626 at t = 1.00
   sep 0.20   peak 0.16146 at t = 0.95
   sep 0.28   peak 0.14583 at t = 0.90
   sep 0.40   peak 0.07933 at t = 0.40
   sep 0.56   peak 0.28107 at t = 0.00
   halving times (time for the wave to descend one octave), from resolved peaks only:
      0.56 -> 0.40 : 0.40  per octave 0.82
      0.40 -> 0.28 : 0.50  per octave 0.97
      0.28 -> 0.20 : 0.05  per octave 0.10
      0.20 -> 0.14 : 0.05  per octave 0.10
   V: gap = 0.375 (1.49 - t), T* = 1.49; thickness e-fold inf; arms meet at t = 1.35, scale 0.052, sqrt(nu/s) there 0.035 (inside the clock)

clock expires at t = 1.55 (delta 0.0501); strong twist peak 0.07535 at t = 1.55, at the clock 0.07535 (fall 0%); max|w| growth to the clock 5.69x
race variable ell/ell_nu min inside the clock = 1.58 (at t = 0.90); cut fraction at the clock 0.345
C21: Re_seam at the twist peak (t = 1.55) = 275.7; twist peak 0.07535; max|w| at the peak 47.4
REGISTERED C20 at nu=0.001: between (see rows)
