seam race on GPU: IC=found  N=256^3  nu=0.002  T=2.4  Z0=0.375  clock 2dx=0.0491  device=cuda
   t     Z/Z0    max|w|   twist@0.05 @0.07 @0.1 @0.14 @0.2 @0.28 @0.4 @0.56   anti    ell     ell_nu   race   cut    Re_seam   delta
 0.00    1.000      8.34   0.00000 0.00000 0.00000 0.00008 0.00058 0.00475 0.04610 0.28107   0.000   0.5067   44721.3596     nan   0.000      657.0   0.2187   (1s)
 0.05    0.994      8.40   0.00000 0.00000 0.00000 0.00008 0.00053 0.00443 0.04409 0.27315   0.000   0.5078   0.2690    1.89   0.000      669.3   0.0197  <-- past the clock   (12s)
 0.10    0.991      8.33   0.00000 0.00000 0.00001 0.00008 0.00057 0.00457 0.04466 0.26741   0.000   0.4878   0.1154    4.23   0.000      618.1   0.0241  <-- past the clock   (24s)
 0.15    0.991      8.24   0.00000 0.00000 0.00001 0.00012 0.00076 0.00549 0.04813 0.26092   0.000   0.4663   0.0916    5.09   0.000      563.1   0.0580   (35s)
 0.20    0.994      9.65   0.00000 0.00000 0.00002 0.00027 0.00140 0.00803 0.05460 0.25013   0.000   0.4831   0.0791    6.11   0.000      671.0   0.1439   (47s)
 0.25    1.001     11.23   0.00000 0.00002 0.00009 0.00077 0.00316 0.01332 0.06305 0.23253   0.001   0.5321   0.0701    7.60   0.000      901.3   0.1809   (58s)
 0.30    1.010     12.92   0.00001 0.00007 0.00030 0.00211 0.00702 0.02204 0.07127 0.20827   0.008   0.4432   0.0622    7.13   0.000      800.4   0.1525   (70s)
 0.35    1.023     14.73   0.00003 0.00022 0.00089 0.00501 0.01379 0.03355 0.07694 0.18009   0.038   0.2475   0.0558    4.44   0.000       34.2   0.1259   (81s)
 0.40    1.038     16.65   0.00009 0.00063 0.00222 0.01010 0.02342 0.04610 0.07878 0.15164   0.076   0.2213   0.0588    3.76   0.000       45.4   0.1059   (93s)
 0.45    1.056     18.66   0.00023 0.00149 0.00466 0.01732 0.03482 0.05776 0.07682 0.12584   0.115   0.2109   0.0626    3.37   0.000       65.4   0.0909   (104s)
 0.50    1.076     20.68   0.00053 0.00296 0.00823 0.02584 0.04659 0.06725 0.07230 0.10430   0.157   0.2018   0.0633    3.19   0.000       96.3   0.0797   (117s)
 0.55    1.099     22.80   0.00100 0.00495 0.01244 0.03455 0.05764 0.07430 0.06726 0.08743   0.188   0.1933   0.0630    3.07   0.000      133.9   0.0712   (129s)
 0.60    1.123     24.94   0.00154 0.00702 0.01644 0.04256 0.06744 0.07948 0.06334 0.07449   0.215   0.1855   0.0624    2.97   0.000      152.8   0.0649   (142s)
 0.65    1.149     27.15   0.00198 0.00860 0.01948 0.04932 0.07578 0.08372 0.06129 0.06430   0.235   0.1785   0.0623    2.86   0.000      152.6   0.0607   (155s)
 0.70    1.176     29.29   0.00216 0.00933 0.02122 0.05447 0.08270 0.08852 0.06128 0.05600   0.247   0.1732   0.0662    2.61   0.001      148.4   0.0583   (166s)
 0.75    1.204     31.28   0.00209 0.00926 0.02183 0.05818 0.08920 0.09543 0.06240 0.04917   0.252   0.1660   0.0749    2.22   0.004      137.9   0.0575   (178s)
 0.80    1.231     33.24   0.00186 0.00877 0.02183 0.06140 0.09654 0.10460 0.06272 0.04354   0.255   0.1637   0.0913    1.79   0.000      113.3   0.0578   (189s)
 0.85    1.260     34.97   0.00163 0.00829 0.02190 0.06519 0.10521 0.11458 0.06092 0.03892   0.270   0.1614   0.1329    1.21   0.013       93.4   0.0587   (201s)
 0.90    1.287     36.67   0.00147 0.00807 0.02245 0.06988 0.11435 0.12265 0.05679 0.03527   0.288   0.1607   0.3014    0.53   0.031       80.6   0.0601   (212s)
 0.95    1.315     38.36   0.00141 0.00817 0.02348 0.07471 0.12181 0.12602 0.05086 0.03258   0.314   0.1585   0.3503    0.45   0.067       68.9   0.0619   (223s)
 1.00    1.341     40.05   0.00141 0.00842 0.02453 0.07804 0.12494 0.12295 0.04452 0.03074   0.349   0.1607   0.1673    0.96   0.100       67.4   0.0637   (235s)
 1.05    1.367     41.41   0.00142 0.00861 0.02501 0.07802 0.12153 0.11330 0.03909 0.02962   0.383   0.1603   0.1545    1.04   0.158       75.4   0.0654   (246s)
 1.10    1.391     42.54   0.00141 0.00850 0.02438 0.07362 0.11109 0.09886 0.03504 0.02910   0.421   0.1618   0.1261    1.28   0.206       80.8   0.0669   (258s)
 1.15    1.414     43.34   0.00134 0.00807 0.02277 0.06605 0.09640 0.08303 0.03230 0.02907   0.442   0.1567   0.1114    1.41   0.251       89.4   0.0686   (269s)
 1.20    1.436     44.09   0.00128 0.00763 0.02119 0.05879 0.08257 0.06893 0.03068 0.02940   0.469   0.1562   0.1022    1.53   0.313       95.7   0.0703   (281s)
 1.25    1.457     44.40   0.00129 0.00764 0.02086 0.05506 0.07344 0.05777 0.02998 0.03001   0.513   0.1537   0.1160    1.32   0.378       99.8   0.0716   (292s)
 1.30    1.475     44.42   0.00143 0.00827 0.02210 0.05524 0.06916 0.04991 0.02997 0.03084   0.570   0.1465   0.0966    1.52   0.437      118.2   0.0725   (304s)
 1.35    1.493     44.06   0.00164 0.00919 0.02400 0.05698 0.06758 0.04547 0.03047 0.03179   0.584   0.1414   0.0966    1.46   0.482      127.7   0.0727   (314s)
 1.40    1.508     43.44   0.00181 0.00984 0.02527 0.05780 0.06668 0.04403 0.03150 0.03286   0.588   0.1396   0.0830    1.68   0.534      134.2   0.0725   (324s)
 1.45    1.521     42.70   0.00188 0.01001 0.02539 0.05706 0.06591 0.04515 0.03308 0.03403   0.576   0.1382   0.0859    1.61   0.572      131.6   0.0721   (335s)
 1.50    1.533     41.80   0.00188 0.00985 0.02476 0.05550 0.06549 0.04837 0.03516 0.03537   0.560   0.1366   0.0820    1.66   0.591      130.6   0.0718   (345s)
 1.55    1.542     40.82   0.00188 0.00969 0.02410 0.05428 0.06608 0.05320 0.03764 0.03686   0.547   0.1337   0.0787    1.70   0.640      125.9   0.0715   (355s)
 1.60    1.550     39.90   0.00194 0.00981 0.02404 0.05443 0.06851 0.05916 0.04044 0.03849   0.534   0.1329   0.0814    1.63   0.676      114.9   0.0712   (365s)
 1.65    1.556     38.94   0.00207 0.01023 0.02470 0.05614 0.07247 0.06536 0.04352 0.04022   0.521   0.1335   0.0918    1.45   0.699      107.6   0.0708   (376s)
 1.70    1.560     38.16   0.00220 0.01074 0.02566 0.05834 0.07603 0.07038 0.04677 0.04204   0.507   0.1366   0.0958    1.43   0.731       99.6   0.0702   (386s)
 1.75    1.562     37.21   0.00229 0.01106 0.02624 0.05949 0.07723 0.07314 0.05002 0.04397   0.518   0.1373   0.1038    1.32   0.734       96.3   0.0697   (396s)
 1.80    1.563     36.35   0.00232 0.01113 0.02628 0.05904 0.07593 0.07363 0.05317 0.04600   0.518   0.1371   0.1064    1.29   0.758       94.9   0.0695   (406s)
 1.85    1.563     35.48   0.00234 0.01110 0.02601 0.05768 0.07354 0.07292 0.05626 0.04817   0.526   0.1389   0.1210    1.15   0.755       92.2   0.0696   (417s)
 1.90    1.561     34.42   0.00240 0.01119 0.02589 0.05655 0.07186 0.07241 0.05938 0.05058   0.522   0.1391   0.1330    1.05   0.734       92.7   0.0698   (426s)
 1.95    1.558     33.51   0.00248 0.01140 0.02604 0.05623 0.07169 0.07295 0.06242 0.05335   0.528   0.1415   0.1174    1.21   0.738       91.6   0.0698   (435s)
 2.00    1.554     32.53   0.00253 0.01158 0.02631 0.05669 0.07283 0.07449 0.06515 0.05651   0.523   0.1416   0.1370    1.03   0.713       93.1   0.0698   (444s)
 2.05    1.549     31.46   0.00254 0.01162 0.02650 0.05761 0.07467 0.07682 0.06776 0.05970   0.521   0.1402   0.1353    1.04   0.704       88.9   0.0696   (453s)
 2.10    1.543     30.38   0.00251 0.01152 0.02652 0.05865 0.07676 0.07984 0.07049 0.06246   0.510   0.1381   0.1475    0.94   0.701       87.2   0.0694   (462s)
 2.15    1.536     29.90   0.00244 0.01133 0.02638 0.05956 0.07895 0.08345 0.07355 0.06476   0.486   0.1417   0.2046    0.69   0.693       86.7   0.0692   (471s)
 2.20    1.529     29.41   0.00238 0.01112 0.02617 0.06033 0.08133 0.08744 0.07695 0.06683   0.461   0.1444   0.2321    0.62   0.697       83.4   0.0692   (480s)
 2.25    1.522     28.89   0.00230 0.01088 0.02594 0.06108 0.08386 0.09146 0.08057 0.06882   0.428   0.1468   44721.3596     nan   0.687       79.3   0.0693   (489s)
 2.30    1.514     28.28   0.00221 0.01065 0.02574 0.06194 0.08642 0.09521 0.08422 0.07094   0.398   0.1484   44721.3596     nan   0.690       75.1   0.0695   (498s)
 2.35    1.505     26.56   0.00211 0.01039 0.02556 0.06289 0.08882 0.09853 0.08780 0.07327   0.366   0.1455   0.3805    0.38   0.668       74.0   0.0696   (507s)
 2.40    1.497     26.00   0.00200 0.01012 0.02539 0.06380 0.09090 0.10140 0.09132 0.07581   0.347   0.1458   0.2512    0.58   0.651       70.7   0.0699   (516s)

C22 descent: separation -> peak twist, peak time (clock expires at t = 2.40)
   sep 0.05   peak 0.00254 at t = 2.05
   sep 0.07   peak 0.01162 at t = 2.05
   sep 0.10   peak 0.02652 at t = 2.10
   sep 0.14   peak 0.07804 at t = 1.00
   sep 0.20   peak 0.12494 at t = 1.00
   sep 0.28   peak 0.12602 at t = 0.95
   sep 0.40   peak 0.09132 at t = 2.40   (at the clock: not a peak)
   sep 0.56   peak 0.28107 at t = 0.00
   halving times (time for the wave to descend one octave), from resolved peaks only:
      0.56 -> 0.28 : 0.95  per octave 0.95
      0.28 -> 0.20 : 0.05  per octave 0.10
      0.20 -> 0.14 : 0.00  per octave 0.00
      0.14 -> 0.10 : 1.10  per octave 2.27
      0.10 -> 0.07 : -0.05  per octave -0.10
      0.07 -> 0.05 : 0.00  per octave 0.00
   V: gap = 0.204 (2.29 - t), T* = 2.29; thickness e-fold 27.44; arms meet at t = 1.94, scale 0.070, sqrt(nu/s) there 0.117 (inside the clock)

clock expires at t = 2.40 (delta 0.0699); strong twist peak 0.02652 at t = 2.10, at the clock 0.02539 (fall 4%); max|w| growth to the clock 3.12x
race variable ell/ell_nu min inside the clock = 0.38 (at t = 2.35); cut fraction at the clock 0.651
C21: Re_seam at the twist peak (t = 2.10) = 87.2; twist peak 0.02652; max|w| at the peak 30.4
REGISTERED C20 at nu=0.002: between (see rows)
