seam race on GPU: IC=pair  N=256^3  nu=0.001  T=6.0  Z0=0.375  clock 2dx=0.0491  device=cuda
   t     Z/Z0    max|w|   twist@0.05 @0.07 @0.1 @0.14 @0.2 @0.28 @0.4 @0.56   anti    ell     ell_nu   race   cut    Re_seam   delta
 0.00    1.000     12.18   0.00001 0.00005 0.00025 0.00182 0.00677 0.02499 0.08353 0.15794   0.000   0.2461   31622.7767     nan   0.000      505.2   0.0186  <-- past the clock   (1s)
 0.05    0.997     12.13   0.00001 0.00005 0.00024 0.00177 0.00662 0.02454 0.08253 0.15677   0.000   0.2461   0.2522    0.98   0.000      507.5   0.0235  <-- past the clock   (12s)
 0.10    0.994     12.10   0.00001 0.00005 0.00022 0.00166 0.00626 0.02347 0.08008 0.15349   0.000   0.2470   0.1987    1.24   0.000      505.9   0.0642   (24s)
 0.15    0.991     12.03   0.00000 0.00004 0.00020 0.00151 0.00576 0.02197 0.07657 0.14864   0.000   0.2478   0.1981    1.25   0.000      505.8   0.1287   (35s)
 0.20    0.988     11.98   0.00000 0.00004 0.00018 0.00135 0.00520 0.02024 0.07247 0.14290   0.000   0.2492   0.2256    1.10   0.000      506.6   0.1662   (47s)
 0.25    0.985     11.90   0.00000 0.00004 0.00016 0.00119 0.00465 0.01849 0.06822 0.13688   0.000   0.2508   0.4341    0.58   0.000      507.4   0.1576   (58s)
 0.30    0.983     11.82   0.00000 0.00003 0.00014 0.00105 0.00413 0.01684 0.06419 0.13102   0.000   0.2533   31622.7767     nan   0.000      513.1   0.1388   (70s)
 0.35    0.980     11.74   0.00000 0.00003 0.00012 0.00092 0.00368 0.01538 0.06060 0.12564   0.000   0.2566   31622.7767     nan   0.000      517.7   0.1237   (80s)
 0.40    0.978     11.67   0.00000 0.00002 0.00010 0.00081 0.00329 0.01411 0.05759 0.12096   0.000   0.2605   31622.7767     nan   0.000      525.1   0.1118   (90s)
 0.45    0.977     11.61   0.00000 0.00002 0.00009 0.00071 0.00296 0.01304 0.05520 0.11714   0.000   0.2654   31622.7767     nan   0.000      539.5   0.1025   (100s)
 0.50    0.976     11.55   0.00000 0.00002 0.00008 0.00063 0.00267 0.01213 0.05339 0.11427   0.000   0.2707   31622.7767     nan   0.000      555.0   0.0950   (111s)
 0.55    0.976     11.49   0.00000 0.00002 0.00007 0.00057 0.00243 0.01136 0.05208 0.11245   0.000   0.2761   31622.7767     nan   0.000      571.1   0.0890   (121s)
 0.60    0.978     11.41   0.00000 0.00001 0.00006 0.00051 0.00222 0.01071 0.05121 0.11175   0.000   0.2801   31622.7767     nan   0.000      579.0   0.0841   (131s)
 0.65    0.980     11.35   0.00000 0.00001 0.00006 0.00046 0.00206 0.01017 0.05067 0.11220   0.000   0.2840   31622.7767     nan   0.000      588.5   0.0803   (142s)
 0.70    0.983     11.30   0.00000 0.00001 0.00005 0.00043 0.00193 0.00973 0.05039 0.11383   0.000   0.2863   31622.7767     nan   0.000      598.8   0.0772   (151s)
 0.75    0.988     11.23   0.00000 0.00001 0.00005 0.00041 0.00184 0.00939 0.05031 0.11667   0.000   0.2870   31622.7767     nan   0.000      602.2   0.0747   (160s)
 0.80    0.993     11.14   0.00000 0.00001 0.00005 0.00039 0.00178 0.00915 0.05041 0.12067   0.000   0.2882   31622.7767     nan   0.000      599.5   0.0728   (169s)
 0.85    1.000     11.09   0.00000 0.00001 0.00005 0.00039 0.00176 0.00902 0.05065 0.12578   0.000   0.2887   31622.7767     nan   0.000      602.4   0.0711   (178s)
 0.90    1.007     11.46   0.00000 0.00001 0.00005 0.00040 0.00177 0.00900 0.05104 0.13194   0.000   0.2966   31622.7767     nan   0.000      647.9   0.0698   (187s)
 0.95    1.015     11.91   0.00000 0.00002 0.00006 0.00042 0.00183 0.00910 0.05158 0.13904   0.000   0.3053   31622.7767     nan   0.000      702.3   0.0687   (196s)
 1.00    1.023     12.38   0.00000 0.00002 0.00006 0.00045 0.00193 0.00931 0.05228 0.14701   0.000   0.3157   31622.7767     nan   0.000      764.5   0.0678   (205s)
 1.05    1.032     12.93   0.00000 0.00002 0.00007 0.00050 0.00209 0.00963 0.05314 0.15575   0.000   0.3278   31622.7767     nan   0.000      841.7   0.0671   (214s)
 1.10    1.041     13.46   0.00000 0.00002 0.00008 0.00057 0.00234 0.01005 0.05418 0.16520   0.000   0.3415   31622.7767     nan   0.000      933.8   0.0665   (223s)
 1.15    1.051     14.07   0.00000 0.00003 0.00009 0.00069 0.00267 0.01055 0.05540 0.17532   0.000   0.3658   31622.7767     nan   0.000     1115.5   0.0661   (232s)
 1.20    1.062     14.66   0.00000 0.00003 0.00011 0.00087 0.00310 0.01110 0.05681 0.18605   0.000   0.3888   31622.7767     nan   0.000     1301.8   0.0658   (241s)
 1.25    1.072     15.24   0.00001 0.00003 0.00014 0.00112 0.00361 0.01167 0.05843 0.19736   0.000   0.4114   0.2189    1.88   0.000     1495.6   0.0655   (250s)
 1.30    1.083     15.91   0.00001 0.00004 0.00019 0.00142 0.00420 0.01223 0.06027 0.20922   0.000   0.4258   0.1317    3.23   0.000     1657.0   0.0654   (259s)
 1.35    1.094     16.50   0.00001 0.00005 0.00025 0.00180 0.00482 0.01275 0.06235 0.22152   0.000   0.4262   0.0994    4.29   0.000     1697.1   0.0652   (268s)
 1.40    1.106     17.04   0.00001 0.00006 0.00034 0.00222 0.00546 0.01320 0.06470 0.23408   0.000   0.3888   0.0858    4.53   0.000     1472.7   0.0651   (278s)
 1.45    1.117     17.75   0.00001 0.00008 0.00045 0.00269 0.00607 0.01358 0.06731 0.24663   0.000   0.2563   0.0708    3.62   0.000      764.2   0.0650   (287s)
 1.50    1.129     18.49   0.00001 0.00011 0.00057 0.00317 0.00661 0.01387 0.07019 0.25884   0.000   0.1906   0.0662    2.88   0.000      452.5   0.0649   (296s)
 1.55    1.141     19.19   0.00001 0.00014 0.00072 0.00365 0.00706 0.01408 0.07329 0.27045   0.000   0.1691   0.0654    2.59   0.000      356.1   0.0648   (305s)
 1.60    1.153     19.83   0.00002 0.00019 0.00088 0.00410 0.00741 0.01421 0.07657 0.28121   0.000   0.1623   0.0690    2.35   0.000      348.5   0.0647   (314s)
 1.65    1.165     20.48   0.00002 0.00024 0.00106 0.00449 0.00764 0.01429 0.07993 0.29100   0.000   0.1569   0.0651    2.41   0.000      335.8   0.0645   (323s)
 1.70    1.178     21.25   0.00003 0.00030 0.00124 0.00481 0.00776 0.01432 0.08324 0.29972   0.000   0.1513   0.0696    2.17   0.000      324.6   0.0642   (332s)
 1.75    1.190     22.00   0.00004 0.00037 0.00143 0.00504 0.00777 0.01431 0.08635 0.30736   0.000   0.1472   0.0747    1.97   0.000      328.3   0.0638   (341s)
 1.80    1.202     22.71   0.00005 0.00045 0.00162 0.00517 0.00770 0.01427 0.08910 0.31396   0.000   0.1456   0.0845    1.72   0.000      323.6   0.0633   (350s)
 1.85    1.215     23.37   0.00007 0.00054 0.00178 0.00520 0.00758 0.01421 0.09136 0.31957   0.000   0.1433   0.1009    1.42   0.000      324.1   0.0627   (359s)
 1.90    1.227     23.96   0.00009 0.00063 0.00192 0.00516 0.00742 0.01412 0.09309 0.32426   0.000   0.1406   0.1167    1.21   0.000      327.7   0.0620   (368s)
 1.95    1.240     24.63   0.00011 0.00072 0.00202 0.00505 0.00726 0.01401 0.09431 0.32807   0.000   0.1360   0.1103    1.23   0.000      319.6   0.0614   (377s)
 2.00    1.253     25.42   0.00014 0.00080 0.00208 0.00491 0.00709 0.01390 0.09510 0.33102   0.000   0.1351   0.1137    1.19   0.000      312.3   0.0609   (388s)
 2.05    1.266     26.10   0.00017 0.00087 0.00209 0.00475 0.00694 0.01381 0.09558 0.33309   0.000   0.1324   0.1113    1.19   0.000      309.8   0.0606   (398s)
 2.10    1.279     26.65   0.00021 0.00092 0.00206 0.00460 0.00680 0.01375 0.09587 0.33425   0.000   0.1318   0.1002    1.32   0.000      314.3   0.0603   (408s)
 2.15    1.292     27.05   0.00024 0.00095 0.00200 0.00446 0.00669 0.01373 0.09610 0.33448   0.000   0.1296   0.0783    1.65   0.000      315.2   0.0599   (418s)
 2.20    1.306     27.79   0.00027 0.00097 0.00192 0.00435 0.00660 0.01376 0.09638 0.33379   0.000   0.1298   0.0726    1.79   0.000      325.4   0.0595   (429s)
 2.25    1.320     28.42   0.00030 0.00096 0.00184 0.00426 0.00655 0.01385 0.09681 0.33221   0.000   0.1302   0.0689    1.89   0.000      334.0   0.0588   (439s)
 2.30    1.334     28.91   0.00032 0.00093 0.00175 0.00419 0.00653 0.01399 0.09743 0.32982   0.000   0.1335   0.0650    2.05   0.000      358.8   0.0581   (449s)
 2.35    1.349     29.25   0.00033 0.00090 0.00166 0.00414 0.00655 0.01418 0.09827 0.32673   0.000   0.1364   0.0600    2.27   0.000      363.9   0.0572   (459s)
 2.40    1.364     29.46   0.00033 0.00086 0.00159 0.00410 0.00660 0.01444 0.09930 0.32305   0.000   0.1358   0.0602    2.26   0.000      361.2   0.0564   (470s)
 2.45    1.380     29.94   0.00033 0.00082 0.00153 0.00407 0.00670 0.01476 0.10044 0.31888   0.000   0.1382   0.0591    2.34   0.000      390.3   0.0559   (480s)
 2.50    1.395     30.31   0.00032 0.00077 0.00148 0.00406 0.00683 0.01516 0.10158 0.31429   0.000   0.1411   0.0621    2.27   0.000      414.5   0.0556   (490s)
 2.55    1.411     30.52   0.00031 0.00074 0.00144 0.00406 0.00699 0.01568 0.10264 0.30933   0.001   0.1448   0.0609    2.38   0.000      435.9   0.0555   (501s)
 2.60    1.427     30.56   0.00029 0.00070 0.00142 0.00407 0.00718 0.01635 0.10353 0.30402   0.002   0.1478   0.0629    2.35   0.000      436.5   0.0556   (511s)
 2.65    1.444     30.46   0.00028 0.00068 0.00140 0.00411 0.00740 0.01719 0.10427 0.29836   0.004   0.1463   0.0593    2.47   0.000      424.1   0.0556   (521s)
 2.70    1.460     30.64   0.00026 0.00066 0.00140 0.00418 0.00767 0.01825 0.10493 0.29230   0.008   0.1462   0.0591    2.47   0.000      409.8   0.0555   (531s)
 2.75    1.477     30.62   0.00025 0.00065 0.00141 0.00427 0.00798 0.01952 0.10569 0.28580   0.011   0.1465   0.0623    2.35   0.029      816.4   0.0553   (542s)
 2.80    1.495     30.42   0.00024 0.00065 0.00143 0.00440 0.00835 0.02099 0.10671 0.27879   0.012   0.1469   0.0586    2.50   0.026      572.1   0.0550   (552s)
 2.85    1.512     30.17   0.00024 0.00066 0.00146 0.00457 0.00879 0.02257 0.10813 0.27127   0.013   0.1496   0.0593    2.52   0.044      339.1   0.0547   (562s)
 2.90    1.530     30.23   0.00024 0.00067 0.00151 0.00479 0.00934 0.02415 0.10996 0.26323   0.013   0.1498   0.0568    2.64   0.082      273.8   0.0545   (573s)
 2.95    1.548     31.24   0.00024 0.00070 0.00158 0.00504 0.01001 0.02566 0.11214 0.25470   0.013   0.1544   0.0560    2.76   0.000      178.2   0.0545   (583s)
 3.00    1.567     31.51   0.00025 0.00073 0.00166 0.00534 0.01081 0.02710 0.11453 0.24577   0.013   0.1597   0.0574    2.78   0.022      128.8   0.0547   (593s)
 3.05    1.586     32.13   0.00026 0.00077 0.00176 0.00569 0.01174 0.02856 0.11694 0.23654   0.014   0.1618   0.0598    2.71   0.021      133.3   0.0551   (603s)
 3.10    1.605     32.78   0.00027 0.00082 0.00188 0.00607 0.01276 0.03016 0.11913 0.22719   0.017   0.1621   0.0551    2.94   0.054      191.6   0.0556   (614s)
 3.15    1.624     32.73   0.00029 0.00088 0.00202 0.00650 0.01381 0.03197 0.12084 0.21788   0.024   0.1617   0.0539    3.00   0.073      388.6   0.0560   (624s)
 3.20    1.644     33.97   0.00031 0.00095 0.00220 0.00697 0.01485 0.03401 0.12183 0.20880   0.022   0.1653   0.0557    2.97   0.087      884.4   0.0564   (634s)
 3.25    1.664     34.60   0.00033 0.00104 0.00240 0.00748 0.01586 0.03628 0.12193 0.20012   0.022   0.1762   0.0596    2.96   0.092     1236.4   0.0566   (644s)
 3.30    1.684     34.62   0.00035 0.00115 0.00264 0.00801 0.01685 0.03877 0.12105 0.19197   0.024   0.1758   0.0585    3.00   0.120     1352.9   0.0565   (655s)
 3.35    1.703     35.63   0.00039 0.00130 0.00289 0.00854 0.01786 0.04146 0.11922 0.18446   0.022   0.1821   0.0575    3.17   0.094     1743.2   0.0562   (665s)
 3.40    1.723     35.67   0.00044 0.00147 0.00315 0.00907 0.01895 0.04433 0.11662 0.17761   0.024   0.1900   0.0605    3.14   0.081     1408.3   0.0557   (675s)
 3.45    1.743     36.27   0.00050 0.00166 0.00339 0.00959 0.02018 0.04727 0.11353 0.17141   0.023   0.1972   0.0631    3.13   0.088     1271.0   0.0550   (686s)
 3.50    1.762     36.69   0.00057 0.00184 0.00362 0.01013 0.02156 0.05016 0.11021 0.16578   0.022   0.2022   0.0699    2.89   0.109     1164.5   0.0541   (696s)
 3.55    1.781     36.73   0.00065 0.00201 0.00383 0.01072 0.02315 0.05281 0.10688 0.16066   0.023   0.2005   0.0731    2.74   0.106      919.6   0.0532   (706s)
 3.60    1.800     37.85   0.00072 0.00216 0.00404 0.01141 0.02497 0.05504 0.10367 0.15593   0.019   0.2162   0.0765    2.83   0.140      856.5   0.0523   (716s)
 3.65    1.819     38.12   0.00075 0.00227 0.00426 0.01223 0.02704 0.05672 0.10065 0.15148   0.021   0.2230   0.0717    3.11   0.125      638.6   0.0516   (727s)
 3.70    1.837     38.43   0.00079 0.00237 0.00451 0.01324 0.02939 0.05779 0.09785 0.14722   0.026   0.2319   0.0678    3.42   0.121      496.8   0.0513   (738s)
 3.75    1.855     39.00   0.00079 0.00244 0.00478 0.01450 0.03199 0.05824 0.09529 0.14314   0.028   0.2385   0.0704    3.39   0.119      609.7   0.0509   (750s)
 3.80    1.873     38.81   0.00078 0.00250 0.00510 0.01609 0.03479 0.05806 0.09296 0.13923   0.032   0.2396   0.0694    3.45   0.087      571.3   0.0509   (761s)
 3.85    1.891     39.46   0.00075 0.00255 0.00550 0.01810 0.03762 0.05726 0.09083 0.13557   0.041   0.2475   0.0695    3.56   0.085      495.3   0.0510   (773s)
 3.90    1.909     39.34   0.00071 0.00262 0.00602 0.02057 0.04029 0.05591 0.08886 0.13221   0.054   0.2453   0.0649    3.78   0.135      315.1   0.0509   (784s)
 3.95    1.926     40.03   0.00069 0.00274 0.00672 0.02354 0.04257 0.05421 0.08703 0.12919   0.064   0.2270   0.0603    3.76   0.108      223.1   0.0511   (796s)
 4.00    1.944     40.49   0.00068 0.00293 0.00771 0.02700 0.04423 0.05237 0.08537 0.12648   0.091   0.1744   0.0677    2.57   0.114      258.9   0.0511   (807s)
 4.05    1.962     39.80   0.00070 0.00325 0.00912 0.03089 0.04506 0.05065 0.08391 0.12406   0.105   0.1772   0.0631    2.81   0.127      257.9   0.0510   (819s)
 4.10    1.980     40.51   0.00075 0.00380 0.01117 0.03501 0.04494 0.04922 0.08270 0.12182   0.153   0.1336   0.0656    2.04   0.130      261.7   0.0509   (830s)
 4.15    1.999     39.64   0.00088 0.00475 0.01415 0.03900 0.04383 0.04823 0.08180 0.11965   0.166   0.1426   0.0659    2.16   0.136      231.5   0.0507   (841s)
 4.20    2.017     39.88   0.00113 0.00636 0.01836 0.04232 0.04191 0.04775 0.08120 0.11749   0.200   0.1319   0.0692    1.91   0.145      280.8   0.0503   (853s)
 4.25    2.035     39.89   0.00166 0.00906 0.02402 0.04439 0.03945 0.04778 0.08086 0.11535   0.229   0.1301   0.0673    1.93   0.127      315.7   0.0500   (864s)
 4.30    2.053     39.19   0.00270 0.01340 0.03108 0.04466 0.03683 0.04828 0.08070 0.11321   0.235   0.1343   0.0508    2.65   0.122      283.0   0.0499   (876s)
 4.35    2.072     39.46   0.00473 0.01999 0.03908 0.04292 0.03447 0.04914 0.08063 0.11103   0.261   0.1267   0.0471    2.69   0.154      281.4   0.0499   (887s)
 4.40    2.091     38.64   0.00842 0.02927 0.04690 0.03939 0.03277 0.05023 0.08052 0.10872   0.268   0.1276   0.0461    2.77   0.138      228.0   0.0500   (899s)
 4.45    2.110     40.30   0.01469 0.04115 0.05286 0.03483 0.03203 0.05144 0.08019 0.10617   0.331   0.1129   0.0408    2.77   0.145      209.6   0.0500   (910s)
 4.50    2.129     41.92   0.02447 0.05454 0.05517 0.03030 0.03231 0.05266 0.07948 0.10324   0.358   0.1131   0.0421    2.69   0.152      176.7   0.0496   (922s)
 4.55    2.149     46.87   0.03828 0.06720 0.05278 0.02679 0.03347 0.05379 0.07832 0.09991   0.383   0.1162   0.0395    2.94   0.163      147.0   0.0483  <-- past the clock   (933s)
 4.60    2.169     51.60   0.05560 0.07610 0.04639 0.02482 0.03553 0.05495 0.07683 0.09634   0.454   0.1178   0.0356    3.31   0.191       78.3   0.0459  <-- past the clock   (945s)
 4.65    2.189     55.27   0.07423 0.07889 0.03871 0.02433 0.03873 0.05666 0.07544 0.09303   0.540   0.1122   0.0317    3.54   0.174       37.0   0.0425  <-- past the clock   (956s)
 4.70    2.208     57.42   0.09081 0.07573 0.03232 0.02502 0.04310 0.05966 0.07485 0.09081   0.591   0.1026   0.0279    3.67   0.178       39.2   0.0390  <-- past the clock   (967s)
 4.75    2.226     58.37   0.10280 0.06928 0.02785 0.02698 0.04862 0.06420 0.07572 0.09044   0.594   0.0966   0.0297    3.25   0.192       44.2   0.0360  <-- past the clock   (977s)
 4.80    2.241     58.80   0.10932 0.06253 0.02520 0.03053 0.05504 0.06999 0.07817 0.09194   0.648   0.0671   0.0271    2.48   0.182       66.0   0.0340  <-- past the clock   (987s)
 4.85    2.256     59.37   0.11136 0.05687 0.02385 0.03577 0.06214 0.07634 0.08159 0.09444   0.680   0.0488   0.0233    2.09   0.170      129.0   0.0330  <-- past the clock   (997s)
 4.90    2.269     58.77   0.11019 0.05247 0.02330 0.04179 0.07011 0.08299 0.08514 0.09664   0.643   0.0469   0.0234    2.01   0.209      147.7   0.0331  <-- past the clock   (1006s)
 4.95    2.282     58.49   0.10606 0.04942 0.02351 0.04665 0.07836 0.09088 0.08831 0.09772   0.638   0.0504   0.0260    1.94   0.214      161.0   0.0337  <-- past the clock   (1016s)
 5.00    2.294     61.96   0.09952 0.04760 0.02476 0.04975 0.08407 0.10064 0.09092 0.09779   0.672   0.0443   0.0264    1.68   0.213      137.4   0.0346  <-- past the clock   (1025s)
 5.05    2.305     70.44   0.09209 0.04690 0.02711 0.05232 0.08530 0.11149 0.09292 0.09730   0.610   0.0372   0.0294    1.27   0.191       82.8   0.0355  <-- past the clock   (1034s)
 5.10    2.316     72.73   0.08479 0.04840 0.03073 0.05579 0.08432 0.12354 0.09580 0.09691   0.615   0.0362   0.0313    1.15   0.181       67.1   0.0367  <-- past the clock   (1043s)
 5.15    2.325     70.31   0.07780 0.05293 0.03751 0.06154 0.08512 0.13327 0.10128 0.09788   0.724   0.0390   0.0362    1.08   0.187       77.6   0.0382  <-- past the clock   (1052s)
 5.20    2.333     67.52   0.07292 0.05927 0.04779 0.06960 0.08951 0.13591 0.10790 0.09986   0.791   0.0499   0.0460    1.09   0.184      119.8   0.0395  <-- past the clock   (1061s)
 5.25    2.341     64.61   0.07163 0.07211 0.06053 0.07793 0.09559 0.13453 0.11477 0.10197   0.804   0.0563   0.1329    0.42   0.192      155.0   0.0410  <-- past the clock   (1070s)
 5.30    2.348     60.64   0.07110 0.09062 0.07747 0.08488 0.10084 0.13294 0.12209 0.10351   0.821   0.0693   0.0722    0.96   0.183      177.8   0.0429  <-- past the clock   (1079s)
 5.35    2.355     63.11   0.06834 0.10543 0.09634 0.09216 0.10495 0.13049 0.12856 0.10428   0.825   0.0730   0.1045    0.70   0.214      183.2   0.0443  <-- past the clock   (1088s)
 5.40    2.362     63.78   0.06458 0.11347 0.11147 0.10082 0.10856 0.12861 0.13420 0.10451   0.886   0.0700   0.0530    1.32   0.217      160.8   0.0445  <-- past the clock   (1097s)
 5.45    2.367     62.26   0.05906 0.11630 0.12300 0.10890 0.11192 0.12805 0.13705 0.10348   0.860   0.0766   31622.7767     nan   0.292      173.2   0.0441  <-- past the clock   (1106s)
 5.50    2.372     57.86   0.05271 0.11504 0.13188 0.11401 0.11394 0.12883 0.13583 0.10087   0.821   0.0825   0.0750    1.10   0.266      164.2   0.0430  <-- past the clock   (1116s)
 5.55    2.376     54.71   0.04728 0.11217 0.13968 0.11798 0.11466 0.12937 0.13087 0.09890   0.806   0.0768   0.0704    1.09   0.263      134.8   0.0417  <-- past the clock   (1127s)
 5.60    2.380     53.72   0.04359 0.10975 0.14640 0.12383 0.11621 0.12815 0.12425 0.09820   0.779   0.0817   0.0646    1.27   0.239      162.1   0.0405  <-- past the clock   (1137s)
 5.65    2.383     55.69   0.04210 0.10938 0.15277 0.13255 0.11877 0.12537 0.11701 0.09719   0.815   0.0816   31622.7767     nan   0.224      175.0   0.0398  <-- past the clock   (1147s)
 5.70    2.387     57.84   0.04126 0.11042 0.16149 0.14208 0.12035 0.12158 0.10962 0.09387   0.826   0.0810   31622.7767     nan   0.236      186.9   0.0397  <-- past the clock   (1158s)
 5.75    2.392     63.77   0.04052 0.11275 0.17388 0.14717 0.11949 0.11825 0.10271 0.08732   0.911   0.0605   0.1122    0.54   0.178      113.4   0.0399  <-- past the clock   (1168s)
 5.80    2.398     64.89   0.04034 0.11825 0.18358 0.14525 0.11816 0.11723 0.09703 0.07961   0.901   0.0531   0.0493    1.08   0.211       95.6   0.0407  <-- past the clock   (1178s)
 5.85    2.404     64.56   0.04200 0.12480 0.18416 0.13791 0.11896 0.11895 0.09470 0.07374   0.835   0.0654   0.0354    1.85   0.164      109.2   0.0413  <-- past the clock   (1188s)
 5.90    2.410     64.85   0.04423 0.12817 0.17756 0.13086 0.12151 0.12072 0.09649 0.07112   0.820   0.0618   0.0448    1.38   0.224      115.5   0.0417  <-- past the clock   (1199s)
 5.95    2.417     63.99   0.04576 0.12761 0.16888 0.12544 0.12531 0.12021 0.09808 0.07002   0.799   0.0622   0.0556    1.12   0.244      126.0   0.0422  <-- past the clock   (1209s)
 6.00    2.424     62.10   0.04638 0.12414 0.15735 0.12167 0.13013 0.11630 0.09831 0.06803   0.775   0.0612   0.0599    1.02   0.281      119.9   0.0427  <-- past the clock   (1219s)

C22 descent: separation -> peak twist, peak time (clock expires at t = 4.50)
   sep 0.05   peak 0.02447 at t = 4.50   (at the clock: not a peak)
   sep 0.07   peak 0.05454 at t = 4.50   (at the clock: not a peak)
   sep 0.10   peak 0.05517 at t = 4.50   (at the clock: not a peak)
   sep 0.14   peak 0.04466 at t = 4.30
   sep 0.20   peak 0.04506 at t = 4.05
   sep 0.28   peak 0.05824 at t = 3.75
   sep 0.40   peak 0.12193 at t = 3.25
   sep 0.56   peak 0.33448 at t = 2.15
   halving times (time for the wave to descend one octave), from resolved peaks only:
      0.56 -> 0.40 : 1.10  per octave 2.27
      0.40 -> 0.28 : 0.50  per octave 0.97
      0.28 -> 0.20 : 0.30  per octave 0.62
      0.20 -> 0.14 : 0.25  per octave 0.49
   V: gap = 0.195 (5.12 - t), T* = 5.12; thickness e-fold 14.76; arms meet at t = 4.87, scale 0.048, sqrt(nu/s) there 0.023 (beyond the clock)

clock expires at t = 4.50 (delta 0.0496); strong twist peak 0.05517 at t = 4.50, at the clock 0.05517 (fall 0%); max|w| growth to the clock 3.44x
race variable ell/ell_nu min inside the clock = 0.58 (at t = 0.25); cut fraction at the clock 0.152
C21: Re_seam at the twist peak (t = 4.50) = 176.7; twist peak 0.05517; max|w| at the peak 41.9
REGISTERED C20 at nu=0.001: KILL: the twist is still rising at the clock with the viscous scale resolved
