seam race on GPU: IC=kp  N=256^3  nu=0.002  T=2.4  Z0=0.375  clock 2dx=0.0491  device=cuda
   t     Z/Z0    max|w|   twist@0.05 @0.07 @0.1 @0.14 @0.2 @0.28 @0.4 @0.56   anti    ell     ell_nu   race   cut    Re_seam   delta
 0.00    1.000      2.41   0.00000 0.00000 0.00000 0.00000 0.00002 0.00015 0.00124 0.00924   0.000   0.7182   13629.5427     nan   0.000      367.8   -0.0064  <-- past the clock   (2s)
 0.05    0.998      2.41   0.00000 0.00000 0.00000 0.00000 0.00002 0.00015 0.00125 0.00929   0.000   0.7182   44721.3596     nan   0.000      367.5   0.0117  <-- past the clock   (11s)
 0.10    0.997      2.40   0.00000 0.00000 0.00000 0.00000 0.00002 0.00015 0.00127 0.00942   0.000   0.7186   44721.3596     nan   0.000      365.8   0.0241  <-- past the clock   (20s)
 0.15    0.996      2.39   0.00000 0.00000 0.00000 0.00000 0.00002 0.00015 0.00130 0.00964   0.000   0.7171   44721.3596     nan   0.000      364.2   0.0343  <-- past the clock   (29s)
 0.20    0.995      2.37   0.00000 0.00000 0.00000 0.00000 0.00002 0.00016 0.00135 0.00996   0.000   0.7162   44721.3596     nan   0.000      363.1   0.0411  <-- past the clock   (38s)
 0.25    0.995      2.35   0.00000 0.00000 0.00000 0.00000 0.00003 0.00017 0.00141 0.01037   0.000   0.7149   44721.3596     nan   0.000      359.2   0.0444  <-- past the clock   (47s)
 0.30    0.995      2.33   0.00000 0.00000 0.00000 0.00001 0.00003 0.00018 0.00149 0.01089   0.000   0.7142   44721.3596     nan   0.000      356.9   0.0448  <-- past the clock   (57s)
 0.35    0.996      2.30   0.00000 0.00000 0.00000 0.00001 0.00003 0.00019 0.00159 0.01152   0.000   0.7138   44721.3596     nan   0.000      352.6   0.0419  <-- past the clock   (66s)
 0.40    0.998      2.27   0.00000 0.00000 0.00000 0.00001 0.00003 0.00021 0.00171 0.01227   0.000   0.7128   44721.3596     nan   0.000      348.3   0.0390  <-- past the clock   (75s)
 0.45    0.999      2.24   0.00000 0.00000 0.00000 0.00001 0.00004 0.00023 0.00186 0.01316   0.000   0.7108   44721.3596     nan   0.000      344.0   0.0367  <-- past the clock   (84s)
 0.50    1.002      2.20   0.00000 0.00000 0.00000 0.00001 0.00004 0.00025 0.00203 0.01420   0.000   0.7106   44721.3596     nan   0.000      338.6   0.0344  <-- past the clock   (93s)
 0.55    1.004      2.17   0.00000 0.00000 0.00000 0.00001 0.00005 0.00028 0.00224 0.01540   0.000   0.7114   44721.3596     nan   0.000      334.9   0.0331  <-- past the clock   (102s)
 0.60    1.007      2.13   0.00000 0.00000 0.00000 0.00001 0.00005 0.00032 0.00248 0.01681   0.000   0.7153   44721.3596     nan   0.000      333.3   0.0326  <-- past the clock   (111s)
 0.65    1.011      2.09   0.00000 0.00000 0.00000 0.00001 0.00006 0.00036 0.00277 0.01844   0.000   0.7242   44721.3596     nan   0.000      335.1   0.0318  <-- past the clock   (120s)
 0.70    1.015      2.04   0.00000 0.00000 0.00000 0.00001 0.00007 0.00041 0.00311 0.02032   0.000   0.7373   0.9287    0.79   0.000      342.1   0.0310  <-- past the clock   (129s)
 0.75    1.019      2.00   0.00000 0.00000 0.00000 0.00002 0.00008 0.00047 0.00352 0.02250   0.000   0.7414   0.4076    1.82   0.000      339.2   0.0290  <-- past the clock   (138s)
 0.80    1.024      1.95   0.00000 0.00000 0.00000 0.00002 0.00009 0.00053 0.00401 0.02502   0.000   0.7361   0.3117    2.36   0.000      327.2   0.0286  <-- past the clock   (147s)
 0.85    1.030      1.91   0.00000 0.00000 0.00000 0.00002 0.00011 0.00061 0.00461 0.02793   0.000   0.7249   0.2668    2.72   0.000      311.2   0.0285  <-- past the clock   (156s)
 0.90    1.035      1.86   0.00000 0.00000 0.00000 0.00003 0.00013 0.00070 0.00533 0.03127   0.000   0.7118   0.2364    3.01   0.000      297.4   0.0303  <-- past the clock   (165s)
 0.95    1.042      1.81   0.00000 0.00000 0.00000 0.00003 0.00015 0.00081 0.00620 0.03511   0.000   0.6962   0.2162    3.22   0.000      280.7   0.0340  <-- past the clock   (175s)
 1.00    1.048      1.76   0.00000 0.00000 0.00000 0.00004 0.00017 0.00094 0.00728 0.03949   0.000   0.6772   0.2019    3.35   0.000      261.1   0.0393  <-- past the clock   (184s)
 1.05    1.055      1.72   0.00000 0.00000 0.00000 0.00004 0.00020 0.00110 0.00858 0.04446   0.000   0.6591   0.1916    3.44   0.000      242.7   0.0466  <-- past the clock   (193s)
 1.10    1.063      1.68   0.00000 0.00000 0.00000 0.00005 0.00023 0.00130 0.01017 0.05009   0.000   0.6427   0.1842    3.49   0.000      228.3   0.0567   (202s)
 1.15    1.071      1.64   0.00000 0.00000 0.00001 0.00006 0.00027 0.00155 0.01209 0.05642   0.000   0.6246   0.1777    3.52   0.000      214.4   0.0696   (211s)
 1.20    1.079      1.60   0.00000 0.00000 0.00001 0.00007 0.00031 0.00187 0.01441 0.06349   0.000   0.6099   0.1710    3.57   0.000      204.0   0.0853   (220s)
 1.25    1.088      1.57   0.00000 0.00000 0.00001 0.00008 0.00036 0.00227 0.01717 0.07134   0.000   0.5954   0.1646    3.62   0.000      193.4   0.1017   (229s)
 1.30    1.097      1.55   0.00000 0.00000 0.00001 0.00009 0.00043 0.00278 0.02045 0.07999   0.000   0.5820   0.1579    3.68   0.000      185.2   0.1182   (238s)
 1.35    1.106      1.52   0.00000 0.00000 0.00001 0.00011 0.00050 0.00342 0.02432 0.08945   0.000   0.5699   0.1518    3.75   0.000      176.3   0.1347   (247s)
 1.40    1.116      1.50   0.00000 0.00000 0.00001 0.00012 0.00060 0.00422 0.02884 0.09971   0.000   0.5582   0.1465    3.81   0.000      169.0   0.1500   (256s)
 1.45    1.127      1.51   0.00000 0.00000 0.00002 0.00014 0.00073 0.00522 0.03407 0.11074   0.000   0.5609   0.1431    3.92   0.000      172.3   0.1633   (265s)
 1.50    1.137      1.55   0.00000 0.00000 0.00002 0.00016 0.00090 0.00644 0.04008 0.12249   0.000   0.5693   0.1407    4.05   0.000      179.7   0.1751   (274s)
 1.55    1.148      1.58   0.00000 0.00000 0.00002 0.00019 0.00111 0.00794 0.04693 0.13490   0.000   0.5790   0.1381    4.19   0.000      186.9   0.1847   (283s)
 1.60    1.159      1.61   0.00000 0.00001 0.00002 0.00022 0.00139 0.00974 0.05466 0.14788   0.000   0.5894   0.1362    4.33   0.000      195.1   0.1919   (292s)
 1.65    1.171      1.65   0.00000 0.00001 0.00003 0.00026 0.00174 0.01190 0.06331 0.16132   0.000   0.5986   0.1342    4.46   0.000      202.9   0.1967   (302s)
 1.70    1.183      1.68   0.00000 0.00001 0.00003 0.00031 0.00217 0.01445 0.07289 0.17509   0.000   0.6089   0.1322    4.61   0.000      213.0   0.1998   (311s)
 1.75    1.195      1.71   0.00000 0.00001 0.00004 0.00038 0.00271 0.01743 0.08342 0.18906   0.000   0.6173   0.1302    4.74   0.000      222.0   0.2008   (320s)
 1.80    1.207      1.75   0.00000 0.00001 0.00004 0.00047 0.00338 0.02090 0.09488 0.20307   0.000   0.6290   0.1281    4.91   0.000      232.3   0.2001   (329s)
 1.85    1.220      1.78   0.00000 0.00001 0.00005 0.00059 0.00418 0.02488 0.10723 0.21698   0.000   0.6393   0.1258    5.08   0.000      241.5   0.1977   (338s)
 1.90    1.233      1.82   0.00000 0.00001 0.00005 0.00073 0.00514 0.02941 0.12043 0.23062   0.000   0.6476   0.1236    5.24   0.000      249.1   0.1937   (347s)
 1.95    1.246      1.85   0.00000 0.00001 0.00006 0.00091 0.00629 0.03452 0.13441 0.24384   0.000   0.6563   0.1212    5.41   0.000      258.7   0.1893   (356s)
 2.00    1.259      1.89   0.00000 0.00001 0.00007 0.00113 0.00763 0.04024 0.14908 0.25650   0.000   0.6578   0.1192    5.52   0.000      261.9   0.1848   (365s)
 2.05    1.273      1.92   0.00000 0.00002 0.00008 0.00140 0.00919 0.04657 0.16432 0.26847   0.000   0.6500   0.1179    5.51   0.000      249.2   0.1806   (374s)
 2.10    1.287      1.96   0.00000 0.00002 0.00009 0.00173 0.01098 0.05353 0.18003 0.27962   0.001   0.6294   0.1167    5.40   0.030      236.4   0.1769   (383s)
 2.15    1.300      1.99   0.00000 0.00002 0.00011 0.00212 0.01303 0.06110 0.19607 0.28987   0.002   0.6108   0.1156    5.28   0.079      226.2   0.1737   (392s)
 2.20    1.314      2.03   0.00000 0.00002 0.00013 0.00258 0.01534 0.06928 0.21230 0.29913   0.002   0.5924   0.1145    5.17   0.169      218.3   0.1711   (401s)
 2.25    1.328      2.07   0.00000 0.00002 0.00016 0.00312 0.01793 0.07803 0.22858 0.30734   0.003   0.5811   0.1133    5.13   0.212      212.2   0.1691   (410s)
 2.30    1.342      2.10   0.00000 0.00003 0.00019 0.00374 0.02079 0.08733 0.24477 0.31448   0.004   0.5669   0.1119    5.07   0.215      205.3   0.1676   (420s)
 2.35    1.356      2.13   0.00000 0.00003 0.00024 0.00446 0.02395 0.09714 0.26074 0.32052   0.005   0.5511   0.1104    4.99   0.249      197.5   0.1667   (429s)
 2.40    1.369      2.17   0.00000 0.00004 0.00029 0.00526 0.02739 0.10739 0.27635 0.32546   0.007   0.5290   0.1081    4.89   0.283      185.2   0.1662   (438s)

C22 descent: separation -> peak twist, peak time (clock expires at t = 2.40)
   sep 0.05   peak 0.00000 at t = 2.40   (at the clock: not a peak)
   sep 0.07   peak 0.00004 at t = 2.40   (at the clock: not a peak)
   sep 0.10   peak 0.00029 at t = 2.40   (at the clock: not a peak)
   sep 0.14   peak 0.00526 at t = 2.40   (at the clock: not a peak)
   sep 0.20   peak 0.02739 at t = 2.40   (at the clock: not a peak)
   sep 0.28   peak 0.10739 at t = 2.40   (at the clock: not a peak)
   sep 0.40   peak 0.27635 at t = 2.40   (at the clock: not a peak)
   sep 0.56   peak 0.32546 at t = 2.40   (at the clock: not a peak)

clock expires at t = 2.40 (delta 0.1662); strong twist peak 0.00029 at t = 2.40, at the clock 0.00029 (fall 0%); max|w| growth to the clock 0.90x
race variable ell/ell_nu min inside the clock = 0.79 (at t = 0.70); cut fraction at the clock 0.283
C21: Re_seam at the twist peak (t = 2.40) = 185.2; twist peak 0.00029; max|w| at the peak 2.2
REGISTERED C20 at nu=0.002: KILL: the twist is still rising at the clock with the viscous scale resolved
