seam race on GPU: IC=pair  N=256^3  nu=0.002  T=8.0  Z0=0.375  clock 2dx=0.0491  device=cuda
   t     Z/Z0    max|w|   twist@0.05 @0.07 @0.1 @0.14 @0.2 @0.28 @0.4 @0.56   anti    ell     ell_nu   race   cut    Re_seam   delta     E/E0
 0.00    1.000     11.16   0.00001 0.00004 0.00019 0.00134 0.00521 0.02153 0.09149 0.23798   0.000   0.2346      -       nan   0.800      216.1   (tail empty)   1.000000   (1s)
 0.05    0.994     11.10   0.00001 0.00004 0.00018 0.00130 0.00508 0.02108 0.09034 0.23675   0.000   0.2375   0.2792    0.85   1.000      220.7   (tail empty)   0.997450   (13s)
 0.10    0.989     11.03   0.00000 0.00004 0.00016 0.00120 0.00472 0.01991 0.08732 0.23327   0.000   0.2377   0.2036    1.17   1.000      219.6   (tail empty)   0.994914   (24s)
 0.15    0.983     10.99   0.00000 0.00003 0.00014 0.00105 0.00421 0.01820 0.08280 0.22809   0.000   0.2393   0.1871    1.28   1.000      221.3   (tail empty)   0.992393   (36s)
 0.20    0.978     10.92   0.00000 0.00003 0.00012 0.00089 0.00362 0.01617 0.07721 0.22186   0.000   0.2398   0.1789    1.34   0.000      219.1   0.2313   0.989885   (46s)
 0.25    0.972     10.85   0.00000 0.00002 0.00009 0.00073 0.00303 0.01403 0.07099 0.21513   0.000   0.2409   0.1898    1.27   0.000      219.6   0.1975   0.987392   (57s)
 0.30    0.967     10.78   0.00000 0.00002 0.00007 0.00058 0.00248 0.01196 0.06455 0.20827   0.000   0.2426   0.2174    1.12   0.000      221.0   0.1741   0.984913   (67s)
 0.35    0.961     10.72   0.00000 0.00001 0.00006 0.00046 0.00200 0.01006 0.05822 0.20149   0.000   0.2440   0.2636    0.93   0.000      221.4   0.1557   0.982448   (77s)
 0.40    0.956     10.66   0.00000 0.00001 0.00004 0.00036 0.00160 0.00841 0.05226 0.19488   0.000   0.2457   0.4276    0.57   0.000      222.4   0.1419   0.979997   (88s)
 0.45    0.950     10.64   0.00000 0.00001 0.00003 0.00028 0.00128 0.00702 0.04686 0.18853   0.000   0.2485      -       nan   0.000      224.6   0.1320   0.977559   (98s)
 0.50    0.945     10.67   0.00000 0.00001 0.00003 0.00021 0.00102 0.00587 0.04211 0.18253   0.000   0.2522      -       nan   0.000      230.5   0.1244   0.975135   (108s)
 0.55    0.940     10.69   0.00000 0.00000 0.00002 0.00017 0.00082 0.00495 0.03806 0.17698   0.000   0.2565      -       nan   0.000      235.8   0.1187   0.972724   (118s)
 0.60    0.935     10.70   0.00000 0.00000 0.00001 0.00013 0.00067 0.00422 0.03468 0.17199   0.000   0.2606      -       nan   0.000      242.5   0.1148   0.970326   (129s)
 0.65    0.931     10.72   0.00000 0.00000 0.00001 0.00011 0.00055 0.00365 0.03194 0.16768   0.000   0.2633      -       nan   0.000      247.6   0.1120   0.967940   (139s)
 0.70    0.926     10.73   0.00000 0.00000 0.00001 0.00009 0.00046 0.00321 0.02978 0.16412   0.000   0.2650      -       nan   0.000      249.8   0.1099   0.965565   (148s)
 0.75    0.922     10.75   0.00000 0.00000 0.00001 0.00007 0.00040 0.00289 0.02815 0.16136   0.000   0.2665      -       nan   0.000      252.9   0.1085   0.963201   (157s)
 0.80    0.918     10.78   0.00000 0.00000 0.00001 0.00006 0.00035 0.00265 0.02698 0.15944   0.000   0.2679      -       nan   0.000      254.2   0.1076   0.960848   (166s)
 0.85    0.914     10.82   0.00000 0.00000 0.00001 0.00005 0.00032 0.00249 0.02622 0.15834   0.000   0.2688      -       nan   0.000      256.5   0.1071   0.958506   (175s)
 0.90    0.910     10.86   0.00000 0.00000 0.00000 0.00005 0.00030 0.00239 0.02582 0.15804   0.000   0.2688      -       nan   0.000      257.3   0.1069   0.956173   (185s)
 0.95    0.907     10.89   0.00000 0.00000 0.00000 0.00004 0.00028 0.00236 0.02573 0.15851   0.000   0.2687      -       nan   0.000      258.6   0.1070   0.953849   (194s)
 1.00    0.903     10.92   0.00000 0.00000 0.00000 0.00004 0.00028 0.00238 0.02592 0.15967   0.000   0.2691      -       nan   0.000      259.5   0.1074   0.951534   (203s)
 1.05    0.900     10.94   0.00000 0.00000 0.00000 0.00004 0.00029 0.00244 0.02634 0.16148   0.000   0.2701      -       nan   0.000      262.4   0.1079   0.949228   (212s)
 1.10    0.897     10.97   0.00000 0.00000 0.00000 0.00005 0.00031 0.00256 0.02697 0.16384   0.000   0.2722      -       nan   0.000      267.3   0.1086   0.946930   (221s)
 1.15    0.894     11.00   0.00000 0.00000 0.00000 0.00005 0.00033 0.00271 0.02778 0.16669   0.000   0.2752      -       nan   0.000      272.7   0.1094   0.944641   (230s)
 1.20    0.890     11.03   0.00000 0.00000 0.00000 0.00006 0.00037 0.00290 0.02874 0.16993   0.000   0.2780      -       nan   0.000      277.4   0.1105   0.942360   (239s)
 1.25    0.887     11.06   0.00000 0.00000 0.00001 0.00007 0.00042 0.00313 0.02984 0.17346   0.000   0.2816      -       nan   0.000      286.2   0.1116   0.940087   (248s)
 1.30    0.884     11.08   0.00000 0.00000 0.00001 0.00008 0.00048 0.00338 0.03105 0.17720   0.000   0.2850      -       nan   0.000      293.1   0.1130   0.937822   (257s)
 1.35    0.881     11.10   0.00000 0.00000 0.00001 0.00010 0.00056 0.00365 0.03238 0.18106   0.000   0.2889      -       nan   0.000      302.5   0.1144   0.935564   (266s)
 1.40    0.878     11.11   0.00000 0.00000 0.00001 0.00012 0.00065 0.00394 0.03379 0.18494   0.000   0.2927      -       nan   0.000      311.9   0.1161   0.933314   (275s)
 1.45    0.875     11.11   0.00000 0.00000 0.00001 0.00015 0.00075 0.00423 0.03528 0.18879   0.000   0.2959      -       nan   0.000      319.2   0.1178   0.931072   (285s)
 1.50    0.872     11.12   0.00000 0.00000 0.00002 0.00018 0.00086 0.00453 0.03683 0.19254   0.000   0.2984   0.9253    0.32   0.000      324.9   0.1196   0.928837   (294s)
 1.55    0.870     11.12   0.00000 0.00000 0.00002 0.00023 0.00098 0.00482 0.03842 0.19617   0.000   0.3019   0.8185    0.37   0.000      329.5   0.1213   0.926609   (303s)
 1.60    0.867     11.11   0.00000 0.00001 0.00003 0.00028 0.00110 0.00510 0.04002 0.19964   0.000   0.3051   0.8499    0.36   0.000      334.9   0.1229   0.924389   (312s)
 1.65    0.864     11.10   0.00000 0.00001 0.00004 0.00033 0.00122 0.00538 0.04160 0.20296   0.000   0.3068   0.7866    0.39   0.000      335.8   0.1240   0.922176   (321s)
 1.70    0.861     11.08   0.00000 0.00001 0.00006 0.00039 0.00133 0.00565 0.04316 0.20613   0.000   0.3093   1.6342    0.19   0.000      337.0   0.1246   0.919971   (330s)
 1.75    0.858     11.08   0.00000 0.00002 0.00007 0.00046 0.00145 0.00591 0.04465 0.20917   0.000   0.3110      -       nan   0.000      337.1   0.1244   0.917773   (339s)
 1.80    0.855     11.06   0.00000 0.00002 0.00009 0.00053 0.00155 0.00616 0.04608 0.21210   0.000   0.3128      -       nan   0.000      337.9   0.1235   0.915583   (348s)
 1.85    0.852     11.04   0.00000 0.00003 0.00011 0.00060 0.00164 0.00640 0.04742 0.21493   0.000   0.3135      -       nan   0.000      338.8   0.1219   0.913400   (357s)
 1.90    0.849     11.01   0.00001 0.00004 0.00014 0.00067 0.00172 0.00664 0.04868 0.21771   0.000   0.3148      -       nan   0.000      340.7   0.1198   0.911225   (366s)
 1.95    0.846     10.98   0.00001 0.00005 0.00017 0.00073 0.00180 0.00686 0.04986 0.22046   0.000   0.3160      -       nan   0.000      342.5   0.1173   0.909058   (375s)
 2.00    0.843     10.95   0.00001 0.00006 0.00020 0.00080 0.00186 0.00706 0.05098 0.22322   0.000   0.3182      -       nan   0.000      348.2   0.1150   0.906898   (385s)
 2.05    0.840     10.94   0.00001 0.00007 0.00023 0.00086 0.00191 0.00726 0.05205 0.22600   0.000   0.3198      -       nan   0.000      353.1   0.1130   0.904746   (394s)
 2.10    0.837     10.92   0.00001 0.00009 0.00026 0.00091 0.00196 0.00744 0.05310 0.22885   0.000   0.3224      -       nan   0.000      359.3   0.1117   0.902602   (403s)
 2.15    0.834     10.89   0.00002 0.00010 0.00030 0.00096 0.00199 0.00760 0.05414 0.23177   0.000   0.3240      -       nan   0.000      361.4   0.1111   0.900466   (412s)
 2.20    0.831     10.86   0.00002 0.00012 0.00033 0.00101 0.00202 0.00776 0.05520 0.23478   0.000   0.3249      -       nan   0.000      364.7   0.1111   0.898337   (421s)
 2.25    0.828     10.82   0.00002 0.00013 0.00036 0.00105 0.00204 0.00790 0.05630 0.23790   0.000   0.3256      -       nan   0.000      366.6   0.1116   0.896217   (430s)
 2.30    0.825     10.78   0.00003 0.00015 0.00040 0.00108 0.00206 0.00805 0.05746 0.24112   0.000   0.3252      -       nan   0.000      364.6   0.1124   0.894104   (439s)
 2.35    0.821     10.75   0.00003 0.00016 0.00043 0.00111 0.00206 0.00819 0.05870 0.24444   0.000   0.3250   0.8830    0.37   0.000      364.0   0.1132   0.892000   (448s)
 2.40    0.818     10.72   0.00003 0.00018 0.00046 0.00113 0.00207 0.00833 0.06003 0.24785   0.000   0.3239   0.6868    0.47   0.000      362.0   0.1139   0.889903   (457s)
 2.45    0.815     10.70   0.00004 0.00019 0.00048 0.00115 0.00207 0.00849 0.06148 0.25134   0.000   0.3226   0.8039    0.40   0.000      360.1   0.1141   0.887813   (466s)
 2.50    0.812     10.67   0.00004 0.00021 0.00051 0.00116 0.00207 0.00866 0.06304 0.25488   0.000   0.3216      -       nan   0.000      360.6   0.1139   0.885732   (476s)
 2.55    0.809     10.65   0.00005 0.00022 0.00053 0.00117 0.00208 0.00885 0.06473 0.25845   0.000   0.3222      -       nan   0.000      359.6   0.1132   0.883659   (485s)
 2.60    0.806     10.62   0.00005 0.00024 0.00056 0.00118 0.00208 0.00906 0.06655 0.26203   0.000   0.3228      -       nan   0.000      359.2   0.1120   0.881593   (494s)
 2.65    0.803     10.60   0.00005 0.00025 0.00057 0.00118 0.00209 0.00931 0.06851 0.26560   0.000   0.3226      -       nan   0.000      361.8   0.1106   0.879535   (503s)
 2.70    0.800     10.58   0.00006 0.00026 0.00059 0.00118 0.00210 0.00959 0.07062 0.26912   0.000   0.3225      -       nan   0.000      361.6   0.1089   0.877484   (512s)
 2.75    0.797     10.55   0.00006 0.00027 0.00061 0.00118 0.00213 0.00991 0.07285 0.27257   0.000   0.3225      -       nan   0.000      358.0   0.1072   0.875441   (521s)
 2.80    0.794     10.53   0.00006 0.00028 0.00062 0.00118 0.00216 0.01028 0.07522 0.27594   0.000   0.3211      -       nan   0.000      353.7   0.1056   0.873405   (530s)
 2.85    0.792     10.50   0.00006 0.00029 0.00063 0.00117 0.00219 0.01070 0.07772 0.27921   0.000   0.3200      -       nan   0.000      348.4   0.1040   0.871377   (539s)
 2.90    0.789     10.47   0.00007 0.00029 0.00064 0.00117 0.00225 0.01117 0.08033 0.28237   0.000   0.3200      -       nan   0.000      346.8   0.1026   0.869356   (548s)
 2.95    0.786     10.43   0.00007 0.00030 0.00064 0.00117 0.00231 0.01169 0.08305 0.28541   0.000   0.3205      -       nan   0.000      343.3   0.1014   0.867343   (557s)
 3.00    0.783     10.40   0.00007 0.00030 0.00065 0.00117 0.00238 0.01228 0.08586 0.28832   0.000   0.3214      -       nan   0.000      343.3   0.1003   0.865337   (566s)
 3.05    0.780     10.37   0.00007 0.00031 0.00065 0.00117 0.00247 0.01292 0.08877 0.29110   0.000   0.3219      -       nan   0.000      344.3   0.0993   0.863337   (576s)
 3.10    0.778     10.34   0.00007 0.00031 0.00065 0.00117 0.00258 0.01363 0.09176 0.29375   0.000   0.3222      -       nan   0.000      344.2   0.0985   0.861345   (585s)
 3.15    0.775     10.31   0.00007 0.00031 0.00065 0.00118 0.00270 0.01440 0.09482 0.29628   0.000   0.3228      -       nan   0.000      344.2   0.0979   0.859360   (594s)
 3.20    0.772     10.27   0.00007 0.00031 0.00065 0.00119 0.00284 0.01523 0.09796 0.29869   0.000   0.3230      -       nan   0.000      345.0   0.0973   0.857382   (603s)
 3.25    0.770     10.23   0.00007 0.00031 0.00065 0.00120 0.00300 0.01613 0.10118 0.30098   0.000   0.3237      -       nan   0.000      345.3   0.0969   0.855410   (612s)
 3.30    0.767     10.20   0.00007 0.00031 0.00064 0.00122 0.00318 0.01709 0.10446 0.30316   0.000   0.3257      -       nan   0.000      348.0   0.0966   0.853446   (621s)
 3.35    0.764     10.17   0.00007 0.00031 0.00064 0.00124 0.00338 0.01811 0.10783 0.30523   0.000   0.3272   1.4829    0.22   0.000      349.1   0.0964   0.851488   (630s)
 3.40    0.762     10.14   0.00007 0.00031 0.00063 0.00127 0.00361 0.01920 0.11127 0.30721   0.000   0.3277   5.6763    0.06   0.000      349.4   0.0962   0.849536   (639s)
 3.45    0.759     10.12   0.00007 0.00030 0.00063 0.00130 0.00385 0.02035 0.11479 0.30908   0.000   0.3285   1.8648    0.18   0.000      348.3   0.0962   0.847591   (648s)
 3.50    0.757     10.09   0.00007 0.00030 0.00062 0.00135 0.00412 0.02157 0.11841 0.31085   0.000   0.3294      -       nan   0.000      348.0   0.0962   0.845653   (657s)
 3.55    0.754     10.06   0.00007 0.00030 0.00062 0.00139 0.00441 0.02286 0.12212 0.31253   0.000   0.3299   4.8090    0.07   0.000      349.2   0.0964   0.843720   (666s)
 3.60    0.752     10.04   0.00007 0.00029 0.00061 0.00145 0.00473 0.02421 0.12592 0.31410   0.000   0.3312      -       nan   0.000      350.9   0.0966   0.841795   (676s)
 3.65    0.749     10.01   0.00007 0.00029 0.00061 0.00151 0.00508 0.02563 0.12983 0.31557   0.000   0.3321      -       nan   0.000      353.4   0.0968   0.839875   (685s)
 3.70    0.747      9.97   0.00007 0.00028 0.00061 0.00159 0.00545 0.02712 0.13383 0.31693   0.000   0.3327      -       nan   0.000      352.4   0.0972   0.837961   (695s)
 3.75    0.745      9.94   0.00006 0.00028 0.00060 0.00167 0.00585 0.02868 0.13793 0.31816   0.000   0.3324      -       nan   0.000      351.9   0.0976   0.836054   (705s)
 3.80    0.742      9.90   0.00006 0.00028 0.00060 0.00176 0.00628 0.03032 0.14213 0.31926   0.001   0.3338      -       nan   0.000      350.5   0.0980   0.834152   (716s)
 3.85    0.740      9.86   0.00006 0.00027 0.00060 0.00186 0.00674 0.03203 0.14642 0.32022   0.002   0.3349      -       nan   0.000      349.8   0.0985   0.832256   (726s)
 3.90    0.738      9.84   0.00006 0.00027 0.00061 0.00197 0.00724 0.03383 0.15080 0.32103   0.002   0.3354      -       nan   0.000      350.8   0.0990   0.830366   (736s)
 3.95    0.736      9.81   0.00006 0.00026 0.00061 0.00209 0.00776 0.03571 0.15525 0.32167   0.003   0.3361      -       nan   0.000      350.3   0.0995   0.828481   (746s)
 4.00    0.734      9.77   0.00006 0.00026 0.00061 0.00222 0.00832 0.03767 0.15976 0.32215   0.003   0.3358      -       nan   0.000      347.6   0.1000   0.826602   (757s)
 4.05    0.731      9.73   0.00006 0.00026 0.00062 0.00237 0.00892 0.03972 0.16434 0.32246   0.003   0.3356      -       nan   0.000      346.4   0.1006   0.824729   (767s)
 4.10    0.729      9.69   0.00005 0.00026 0.00063 0.00252 0.00955 0.04186 0.16895 0.32258   0.004   0.3365      -       nan   0.000      345.3   0.1011   0.822861   (777s)
 4.15    0.727      9.65   0.00005 0.00025 0.00064 0.00270 0.01023 0.04410 0.17360 0.32252   0.004   0.3365      -       nan   0.000      344.6   0.1016   0.820998   (788s)
 4.20    0.725      9.61   0.00005 0.00025 0.00065 0.00288 0.01095 0.04643 0.17825 0.32227   0.005   0.3366      -       nan   0.000      343.6   0.1021   0.819141   (798s)
 4.25    0.723      9.56   0.00005 0.00025 0.00067 0.00308 0.01171 0.04885 0.18291 0.32184   0.005   0.3363      -       nan   0.000      342.7   0.1025   0.817288   (808s)
 4.30    0.721      9.52   0.00005 0.00025 0.00069 0.00330 0.01252 0.05136 0.18755 0.32122   0.005   0.3371      -       nan   0.000      341.2   0.1029   0.815442   (819s)
 4.35    0.719      9.48   0.00005 0.00025 0.00071 0.00354 0.01338 0.05397 0.19217 0.32042   0.006   0.3369      -       nan   0.000      340.2   0.1033   0.813599   (829s)
 4.40    0.717      9.44   0.00005 0.00026 0.00074 0.00379 0.01429 0.05666 0.19674 0.31943   0.006   0.3368      -       nan   0.000      338.5   0.1037   0.811762   (839s)
 4.45    0.715      9.40   0.00005 0.00026 0.00077 0.00407 0.01525 0.05945 0.20126 0.31827   0.006   0.3360      -       nan   0.000      338.0   0.1040   0.809930   (850s)
 4.50    0.714      9.36   0.00005 0.00026 0.00080 0.00436 0.01627 0.06232 0.20572 0.31694   0.006   0.3364      -       nan   0.000      337.1   0.1042   0.808103   (860s)
 4.55    0.712      9.31   0.00005 0.00027 0.00084 0.00468 0.01736 0.06527 0.21010 0.31544   0.007   0.3367      -       nan   0.000      337.7   0.1045   0.806280   (870s)
 4.60    0.710      9.27   0.00005 0.00028 0.00088 0.00503 0.01850 0.06831 0.21440 0.31379   0.008   0.3372      -       nan   0.000      336.7   0.1046   0.804462   (880s)
 4.65    0.708      9.23   0.00005 0.00028 0.00093 0.00540 0.01971 0.07141 0.21861 0.31198   0.011   0.3372      -       nan   0.000       39.8   0.1048   0.802649   (890s)
 4.70    0.706      9.18   0.00005 0.00029 0.00098 0.00580 0.02098 0.07458 0.22273 0.31002   0.013   0.3368      -       nan   0.000       38.0   0.1048   0.800840   (899s)
 4.75    0.705      9.14   0.00005 0.00031 0.00104 0.00623 0.02231 0.07782 0.22675 0.30793   0.014   0.3367      -       nan   0.000       35.6   0.1048   0.799036   (908s)
 4.80    0.703      9.09   0.00005 0.00032 0.00111 0.00669 0.02372 0.08111 0.23067 0.30570   0.016   0.3361      -       nan   0.000       32.1   0.1048   0.797237   (917s)
 4.85    0.701      9.05   0.00005 0.00033 0.00118 0.00718 0.02518 0.08446 0.23449 0.30335   0.018   0.3347      -       nan   0.006       11.8   0.1047   0.795442   (926s)
 4.90    0.699      9.00   0.00005 0.00035 0.00126 0.00771 0.02672 0.08786 0.23821 0.30087   0.019   0.3342      -       nan   0.013       12.2   0.1045   0.793651   (935s)
 4.95    0.698      8.96   0.00006 0.00037 0.00135 0.00827 0.02833 0.09130 0.24183 0.29828   0.020   0.3338      -       nan   0.023       12.5   0.1043   0.791865   (944s)
 5.00    0.696      8.91   0.00006 0.00039 0.00144 0.00887 0.03000 0.09478 0.24535 0.29558   0.022   0.3334      -       nan   0.034       12.9   0.1040   0.790083   (953s)
 5.05    0.694      8.87   0.00006 0.00042 0.00155 0.00951 0.03173 0.09830 0.24877 0.29278   0.023   0.3330      -       nan   0.046       13.2   0.1036   0.788306   (962s)
 5.10    0.692      8.83   0.00007 0.00045 0.00167 0.01019 0.03353 0.10184 0.25209 0.28987   0.024   0.3323      -       nan   0.055       13.6   0.1032   0.786533   (971s)
 5.15    0.691      8.78   0.00007 0.00048 0.00180 0.01091 0.03540 0.10542 0.25532 0.28688   0.025   0.3319      -       nan   0.066       14.1   0.1027   0.784764   (981s)
 5.20    0.689      8.74   0.00007 0.00051 0.00193 0.01167 0.03733 0.10903 0.25845 0.28379   0.026   0.3306      -       nan   0.084       14.5   0.1021   0.783000   (990s)
 5.25    0.687      8.70   0.00008 0.00055 0.00208 0.01247 0.03932 0.11265 0.26149 0.28061   0.028   0.3298      -       nan   0.107       14.9   0.1015   0.781240   (999s)
 5.30    0.686      8.67   0.00008 0.00060 0.00224 0.01331 0.04137 0.11630 0.26443 0.27734   0.029   0.3294      -       nan   0.138       15.4   0.1009   0.779484   (1008s)
 5.35    0.684      8.63   0.00009 0.00064 0.00242 0.01419 0.04348 0.11997 0.26729 0.27400   0.030   0.3284      -       nan   0.173       15.9   0.1002   0.777732   (1017s)
 5.40    0.682      8.60   0.00010 0.00069 0.00260 0.01512 0.04564 0.12366 0.27005 0.27058   0.031   0.3280      -       nan   0.194       16.5   0.0995   0.775984   (1026s)
 5.45    0.681      8.57   0.00010 0.00075 0.00280 0.01609 0.04786 0.12736 0.27273 0.26708   0.032   0.3268      -       nan   0.223       17.0   0.0987   0.774241   (1035s)
 5.50    0.679      8.54   0.00011 0.00081 0.00302 0.01709 0.05014 0.13108 0.27531 0.26352   0.033   0.3260      -       nan   0.251       17.6   0.0980   0.772502   (1044s)
 5.55    0.678      8.51   0.00012 0.00087 0.00325 0.01814 0.05246 0.13480 0.27781 0.25988   0.034   0.3261      -       nan   0.271       18.1   0.0972   0.770767   (1053s)
 5.60    0.676      8.49   0.00013 0.00094 0.00349 0.01924 0.05484 0.13853 0.28021 0.25618   0.037   0.3251      -       nan   0.271       18.2   0.0964   0.769037   (1062s)
 5.65    0.674      8.46   0.00014 0.00101 0.00374 0.02037 0.05726 0.14227 0.28251 0.25242   0.041   0.3252      -       nan   0.270       18.4   0.0956   0.767310   (1072s)
 5.70    0.673      8.45   0.00015 0.00109 0.00401 0.02154 0.05972 0.14601 0.28473 0.24860   0.043   0.3253      -       nan   0.291       18.5   0.0949   0.765588   (1081s)
 5.75    0.671      8.43   0.00017 0.00117 0.00430 0.02275 0.06223 0.14975 0.28684 0.24473   0.046   0.3266      -       nan   0.303       18.8   0.0941   0.763870   (1090s)
 5.80    0.669      8.42   0.00018 0.00126 0.00459 0.02399 0.06478 0.15349 0.28886 0.24081   0.048   0.3272      -       nan   0.318       18.9   0.0933   0.762156   (1099s)
 5.85    0.668      8.41   0.00019 0.00136 0.00491 0.02528 0.06737 0.15721 0.29077 0.23685   0.050   0.3274      -       nan   0.334       19.3   0.0926   0.760446   (1108s)
 5.90    0.666      8.40   0.00021 0.00146 0.00523 0.02660 0.06999 0.16093 0.29258 0.23285   0.052   0.3286      -       nan   0.345       19.6   0.0919   0.758741   (1117s)
 5.95    0.664      8.38   0.00023 0.00156 0.00558 0.02795 0.07264 0.16462 0.29429 0.22881   0.054   0.3296      -       nan   0.355       19.8   0.0912   0.757039   (1126s)
 6.00    0.663      8.37   0.00024 0.00167 0.00593 0.02934 0.07532 0.16829 0.29589 0.22475   0.056   0.3305      -       nan   0.368       20.5   0.0905   0.755342   (1135s)
 6.05    0.661      8.36   0.00026 0.00179 0.00630 0.03076 0.07803 0.17194 0.29739 0.22066   0.058   0.3311      -       nan   0.385       21.1   0.0899   0.753649   (1144s)
 6.10    0.660      8.36   0.00028 0.00191 0.00669 0.03221 0.08075 0.17555 0.29877 0.21656   0.060   0.3320      -       nan   0.396       21.9   0.0893   0.751960   (1153s)
 6.15    0.658      8.35   0.00030 0.00204 0.00709 0.03369 0.08350 0.17912 0.30005 0.21245   0.062   0.3331      -       nan   0.406       22.6   0.0887   0.750276   (1162s)
 6.20    0.656      8.36   0.00032 0.00217 0.00750 0.03520 0.08626 0.18265 0.30121 0.20832   0.065   0.3350      -       nan   0.414       23.4   0.0882   0.748595   (1172s)
 6.25    0.655      8.36   0.00034 0.00230 0.00792 0.03673 0.08903 0.18613 0.30227 0.20420   0.066   0.3361      -       nan   0.429       24.1   0.0877   0.746919   (1181s)
 6.30    0.653      8.36   0.00037 0.00244 0.00836 0.03829 0.09181 0.18956 0.30321 0.20008   0.068   0.3377      -       nan   0.440       24.9   0.0872   0.745247   (1190s)
 6.35    0.651      8.36   0.00039 0.00259 0.00881 0.03987 0.09459 0.19293 0.30405 0.19596   0.071   0.3390      -       nan   0.450       25.7   0.0868   0.743579   (1199s)
 6.40    0.650      8.38   0.00042 0.00274 0.00927 0.04147 0.09737 0.19623 0.30478 0.19186   0.073   0.3407      -       nan   0.457       26.5   0.0864   0.741915   (1208s)
 6.45    0.648      8.39   0.00044 0.00290 0.00974 0.04308 0.10014 0.19947 0.30540 0.18777   0.075   0.3422      -       nan   0.467       27.3   0.0860   0.740256   (1217s)
 6.50    0.646      8.40   0.00047 0.00306 0.01022 0.04471 0.10290 0.20264 0.30592 0.18370   0.078   0.3434      -       nan   0.471       28.0   0.0857   0.738601   (1226s)
 6.55    0.645      8.42   0.00050 0.00323 0.01072 0.04636 0.10564 0.20573 0.30634 0.17965   0.080   0.3442      -       nan   0.477       28.8   0.0853   0.736950   (1235s)
 6.60    0.643      8.43   0.00053 0.00340 0.01122 0.04801 0.10836 0.20874 0.30666 0.17562   0.082   0.3439      -       nan   0.480       29.5   0.0850   0.735303   (1244s)
 6.65    0.641      8.44   0.00056 0.00357 0.01173 0.04967 0.11106 0.21167 0.30688 0.17162   0.084   0.3438      -       nan   0.488       30.2   0.0848   0.733661   (1253s)
 6.70    0.640      8.44   0.00059 0.00375 0.01225 0.05134 0.11372 0.21453 0.30702 0.16764   0.087   0.3443      -       nan   0.494       30.9   0.0845   0.732023   (1263s)
 6.75    0.638      8.45   0.00062 0.00393 0.01278 0.05301 0.11636 0.21729 0.30707 0.16370   0.089   0.3428      -       nan   0.492       31.5   0.0843   0.730389   (1272s)
 6.80    0.636      8.46   0.00065 0.00412 0.01332 0.05467 0.11896 0.21998 0.30703 0.15977   0.091   0.3434      -       nan   0.496       32.2   0.0840   0.728760   (1281s)
 6.85    0.635      8.47   0.00068 0.00430 0.01386 0.05634 0.12151 0.22258 0.30692 0.15588   0.094   0.3434      -       nan   0.502       32.9   0.0838   0.727135   (1290s)
 6.90    0.633      8.48   0.00072 0.00450 0.01441 0.05799 0.12403 0.22510 0.30673 0.15202   0.096   0.3422      -       nan   0.504       33.6   0.0836   0.725515   (1299s)
 6.95    0.631      8.50   0.00075 0.00469 0.01496 0.05964 0.12649 0.22753 0.30647 0.14819   0.099   0.3421      -       nan   0.511       34.3   0.0834   0.723899   (1308s)
 7.00    0.629      8.52   0.00078 0.00489 0.01551 0.06128 0.12891 0.22988 0.30614 0.14439   0.101   0.3434      -       nan   0.514       35.0   0.0832   0.722287   (1317s)
 7.05    0.628      8.54   0.00082 0.00508 0.01607 0.06290 0.13127 0.23215 0.30574 0.14062   0.104   0.3423      -       nan   0.514       35.4   0.0830   0.720680   (1326s)
 7.10    0.626      8.55   0.00085 0.00528 0.01662 0.06450 0.13358 0.23434 0.30529 0.13688   0.106   0.3422      -       nan   0.514       36.4   0.0828   0.719077   (1335s)
 7.15    0.624      8.57   0.00089 0.00548 0.01718 0.06608 0.13584 0.23645 0.30478 0.13318   0.109   0.3418      -       nan   0.514       37.0   0.0826   0.717479   (1344s)
 7.20    0.622      8.58   0.00093 0.00568 0.01773 0.06764 0.13803 0.23849 0.30422 0.12950   0.112   0.3414      -       nan   0.513       37.6   0.0823   0.715885   (1354s)
 7.25    0.621      8.59   0.00096 0.00588 0.01828 0.06917 0.14017 0.24046 0.30361 0.12586   0.113   0.3411      -       nan   0.518       38.3   0.0821   0.714296   (1363s)
 7.30    0.619      8.60   0.00100 0.00608 0.01883 0.07067 0.14225 0.24235 0.30295 0.12225   0.117   0.3410      -       nan   0.515       38.9   0.0819   0.712711   (1372s)
 7.35    0.617      8.61   0.00103 0.00628 0.01937 0.07214 0.14427 0.24418 0.30225 0.11868   0.120   0.3404      -       nan   0.518       39.6   0.0817   0.711131   (1381s)
 7.40    0.615      8.61   0.00107 0.00647 0.01990 0.07358 0.14623 0.24595 0.30150 0.11514   0.122   0.3385      -       nan   0.514       40.1   0.0815   0.709555   (1390s)
 7.45    0.613      8.62   0.00111 0.00667 0.02042 0.07499 0.14813 0.24765 0.30071 0.11165   0.125   0.3385      -       nan   0.517       40.4   0.0812   0.707984   (1399s)
 7.50    0.612      8.63   0.00114 0.00686 0.02093 0.07636 0.14997 0.24929 0.29988 0.10819   0.127   0.3386      -       nan   0.514       41.2   0.0810   0.706418   (1408s)
 7.55    0.610      8.63   0.00118 0.00704 0.02143 0.07769 0.15175 0.25087 0.29902 0.10477   0.131   0.3376      -       nan   0.515       41.5   0.0807   0.704856   (1417s)
 7.60    0.608      8.63   0.00121 0.00722 0.02192 0.07898 0.15348 0.25239 0.29812 0.10139   0.132   0.3371      -       nan   0.513       42.1   0.0805   0.703299   (1426s)
 7.65    0.606      8.64   0.00124 0.00740 0.02240 0.08023 0.15514 0.25386 0.29718 0.09806   0.136   0.3357      -       nan   0.521       42.8   0.0802   0.701747   (1435s)
 7.70    0.604      8.66   0.00127 0.00757 0.02286 0.08144 0.15675 0.25528 0.29620 0.09478   0.138   0.3354      -       nan   0.515       43.2   0.0800   0.700200   (1444s)
 7.75    0.602      8.67   0.00130 0.00774 0.02330 0.08261 0.15829 0.25664 0.29519 0.09155   0.141   0.3358      -       nan   0.518       43.5   0.0797   0.698656   (1454s)
 7.80    0.601      8.68   0.00133 0.00789 0.02373 0.08374 0.15979 0.25795 0.29414 0.08838   0.143   0.3348      -       nan   0.510       43.6   0.0794   0.697118   (1463s)
 7.85    0.599      8.70   0.00136 0.00805 0.02414 0.08482 0.16122 0.25922 0.29305 0.08526   0.146   0.3344      -       nan   0.512       44.3   0.0792   0.695584   (1472s)
 7.90    0.597      8.72   0.00139 0.00819 0.02453 0.08586 0.16260 0.26043 0.29192 0.08220   0.149   0.3339      -       nan   0.506       44.1   0.0789   0.694055   (1481s)
 7.95    0.595      8.73   0.00141 0.00832 0.02490 0.08685 0.16393 0.26160 0.29075 0.07920   0.151   0.3328      -       nan   0.510       44.6   0.0786   0.692531   (1490s)
 8.00    0.593      8.74   0.00144 0.00845 0.02525 0.08779 0.16520 0.26271 0.28954 0.07627   0.153   0.3329      -       nan   0.504       44.9   0.0783   0.691011   (1499s)

C22 descent: separation -> peak twist, peak time (clock expires at t = 8.00)
   sep 0.05   peak 0.00144 at t = 8.00   (at the clock or at t = 0: not a peak)
   sep 0.07   peak 0.00845 at t = 8.00   (at the clock or at t = 0: not a peak)
   sep 0.10   peak 0.02525 at t = 8.00   (at the clock or at t = 0: not a peak)
   sep 0.14   peak 0.08779 at t = 8.00   (at the clock or at t = 0: not a peak)
   sep 0.20   peak 0.16520 at t = 8.00   (at the clock or at t = 0: not a peak)
   sep 0.28   peak 0.26271 at t = 8.00   (at the clock or at t = 0: not a peak)
   sep 0.40   peak 0.30707 at t = 6.75
   sep 0.56   peak 0.32258 at t = 4.10

clock expires at t = 8.00 (delta 0.0783); strong twist peak 0.02525 at t = 8.00, at the clock 0.02525 (fall 0%); max|w| growth to the clock 0.78x
race variable ell/ell_nu min inside the clock = 0.06 (at t = 3.40); cut fraction at the clock 0.504
C21: Re_seam at the twist peak (t = 8.00) = 44.9; twist peak 0.02525; max|w| at the peak 8.7
REGISTERED C20 at nu=0.002: KILL: the twist is still rising at the clock with the viscous scale resolved
