seam race on GPU: IC=found  N=320^3  nu=0.002  T=2.4  Z0=0.375  clock 2dx=0.0393  device=cuda  FORCE=0 (steady)
   t     Z/Z0    max|w|   twist@0.05 @0.07 @0.1 @0.14 @0.2 @0.28 @0.4 @0.56   anti    ell     ell_nu   race   cut    Re_seam   delta     E/E0   | material|w|  gap   jump   flip
 0.00    1.000      7.16   0.00000 0.00000 0.00000 0.00001 0.00008 0.00080 0.00821 0.06609   0.000   0.6366   0.2607    2.44   0.000      910.7   (tail empty)   1.000000   (2s)
 0.05    1.018      7.40   0.00000 0.00000 0.00000 0.00001 0.00009 0.00091 0.00973 0.07695   0.000   0.6342   0.1204    5.27   0.000      927.6   (tail empty)   0.997554   (25s)
 0.10    1.045      8.16   0.00000 0.00000 0.00000 0.00001 0.00011 0.00126 0.01322 0.09504   0.000   0.6316   0.0884    7.15   0.000     1005.4   (tail empty)   0.995053   (48s)
 0.15    1.080      8.93   0.00000 0.00000 0.00000 0.00001 0.00017 0.00214 0.01974 0.12084   0.000   0.5933   0.0733    8.09   0.000      967.7   (tail empty)   0.992478   (73s)
 0.20    1.123      9.68   0.00000 0.00000 0.00000 0.00002 0.00036 0.00391 0.03029 0.15368   0.000   0.5263   0.0651    8.08   0.000      829.1   (tail empty)   0.989807   (98s)
 0.25    1.175     10.39   0.00000 0.00000 0.00000 0.00004 0.00075 0.00688 0.04579 0.19152   0.000   0.4709   0.0597    7.89   0.000      716.5   (tail empty)   0.987021   (123s)
 0.30    1.234     11.06   0.00000 0.00000 0.00000 0.00010 0.00143 0.01126 0.06703 0.23185   0.000   0.4336   0.0565    7.68   0.000      653.5   (tail empty)   0.984102   (148s)
 0.35    1.300     12.04   0.00000 0.00000 0.00001 0.00020 0.00241 0.01753 0.09385 0.27251   0.000   0.4015   0.0544    7.38   0.000      613.0   (tail empty)   0.981030   (173s)
 0.40    1.373     13.17   0.00000 0.00000 0.00002 0.00035 0.00377 0.02601 0.12527 0.31201   0.000   0.3720   0.0532    6.99   0.000      573.4   0.2026   0.977789   (198s)
 0.45    1.452     14.32   0.00000 0.00001 0.00005 0.00056 0.00571 0.03666 0.15986 0.34923   0.000   0.3476   0.0529    6.57   0.000      541.4   0.1790   0.974363   (223s)
 0.50    1.536     15.45   0.00000 0.00001 0.00008 0.00085 0.00839 0.04926 0.19624 0.38303   0.000   0.3287   0.0537    6.13   0.000      518.3   0.1581   0.970740   (246s)
 0.55    1.625     16.56   0.00000 0.00002 0.00012 0.00128 0.01191 0.06354 0.23346 0.41220   0.000   0.3140   0.0551    5.70   0.000      503.0   0.1409   0.966906   (269s)
 0.60    1.718     17.60   0.00000 0.00004 0.00019 0.00193 0.01632 0.07931 0.27087 0.43541   0.000   0.3031   0.0575    5.27   0.000      494.6   0.1284   0.962852   (291s)
 0.65    1.813     18.58   0.00001 0.00005 0.00028 0.00283 0.02169 0.09668 0.30814 0.45115   0.001   0.2971   0.0601    4.94   0.000      499.4   0.1190   0.958569   (314s)
 0.70    1.911     19.50   0.00001 0.00008 0.00042 0.00406 0.02810 0.11600 0.34531 0.45756   0.004   0.2941   0.0641    4.59   0.000      512.2   0.1119   0.954052   (336s)
 0.75    2.010     20.33   0.00001 0.00013 0.00064 0.00567 0.03571 0.13774 0.38258 0.45269   0.009   0.2944   0.0689    4.28   0.000      533.0   0.1062   0.949296   (359s)
 0.80    2.109     21.04   0.00002 0.00020 0.00097 0.00778 0.04487 0.16240 0.41982 0.43579   0.018   0.2933   0.0740    3.96   0.028       34.0   0.1008   0.944299   (382s)
 0.85    2.208     21.67   0.00004 0.00032 0.00146 0.01053 0.05614 0.19060 0.45528 0.40880   0.029   0.2951   0.0824    3.58   0.092       40.8   0.0955   0.939061   (404s)
 0.90    2.306     22.18   0.00006 0.00051 0.00217 0.01420 0.07014 0.22340 0.48350 0.37593   0.044   0.2960   0.0902    3.28   0.150       48.7   0.0905   0.933585   (427s)
 0.95    2.401     22.56   0.00011 0.00081 0.00323 0.01926 0.08753 0.26221 0.49716 0.34191   0.067   0.2960   0.0982    3.01   0.211       55.8   0.0864   0.927875   (449s)
lagrangian: 4000 particles seeded on the high set at t = 1.00; sheets A/B = 2797/1203
 1.00    2.494     22.81   0.00018 0.00128 0.00479 0.02625 0.10938 0.30639 0.49431 0.31066   0.102   0.2911   0.0981    2.97   0.288       62.7   0.0829   0.921936   |    13.15   0.2728   1.0339   0.000   (472s)
 1.05    2.583     22.90   0.00031 0.00203 0.00716 0.03581 0.13747 0.34907 0.47864 0.28463   0.149   0.2844   0.0901    3.16   0.353       75.7   0.0798   0.915777   |    13.39   0.2554   1.0512   0.000   (496s)
 1.10    2.668     22.86   0.00054 0.00321 0.01075 0.04880 0.17277 0.38181 0.45346 0.26680   0.198   0.2772   0.0806    3.44   0.405       86.9   0.0778   0.909406   |    13.56   0.2396   1.0599   0.000   (521s)
 1.15    2.749     22.73   0.00092 0.00511 0.01608 0.06650 0.21161 0.40342 0.42309 0.26249   0.242   0.2698   0.0714    3.78   0.435       95.3   0.0754   0.902833   |    13.70   0.2246   1.0740   0.000   (546s)
 1.20    2.825     22.64   0.00158 0.00811 0.02383 0.08943 0.24749 0.41589 0.39594 0.26560   0.289   0.2610   0.0661    3.95   0.449      105.2   0.0747   0.896070   |    13.82   0.2119   1.0722   0.000   (574s)
 1.25    2.896     22.72   0.00271 0.01264 0.03450 0.11555 0.27768 0.42046 0.37466 0.26097   0.342   0.2496   0.0602    4.15   0.444      115.8   0.0741   0.889128   |    13.97   0.2013   1.0673   0.000   (602s)
 1.30    2.962     23.15   0.00449 0.01886 0.04765 0.14143 0.30215 0.41646 0.35161 0.25106   0.395   0.2392   0.0566    4.22   0.437      131.8   0.0710   0.882019   |    13.97   0.1898   1.0788   0.000   (630s)
 1.35    3.023     23.62   0.00693 0.02636 0.06181 0.16480 0.31880 0.40124 0.32585 0.24053   0.446   0.2321   0.0563    4.12   0.409      148.9   0.0681   0.874756   |    13.94   0.1794   1.0734   0.000   (660s)
 1.40    3.077     24.11   0.00984 0.03436 0.07558 0.18404 0.32384 0.37662 0.30155 0.22957   0.492   0.2241   0.0535    4.19   0.366      167.6   0.0671   0.867355   |    13.90   0.1707   1.0734   0.000   (690s)
 1.45    3.124     24.64   0.01306 0.04239 0.08817 0.19728 0.31707 0.34826 0.28308 0.22069   0.533   0.2146   0.0510    4.21   0.334      171.7   0.0678   0.859830   |    13.86   0.1637   1.0645   0.000   (718s)
 1.50    3.163     25.15   0.01667 0.05026 0.09884 0.20333 0.30263 0.31982 0.26632 0.21437   0.565   0.2037   0.0502    4.06   0.339      169.2   0.0683   0.852202   |    13.74   0.1587   1.0406   0.000   (746s)
 1.55    3.191     26.70   0.02063 0.05744 0.10648 0.20257 0.28433 0.29367 0.24675 0.20480   0.592   0.2013   0.0494    4.08   0.349      185.7   0.0679   0.844491   |    13.53   0.1561   1.0165   0.000   (774s)
 1.60    3.209     29.11   0.02445 0.06275 0.11001 0.19696 0.26431 0.26953 0.22755 0.19177   0.610   0.2053   0.0492    4.18   0.367      211.4   0.0665   0.836724   |    13.35   0.1570   0.9817   0.000   (799s)
 1.65    3.214     32.07   0.02717 0.06508 0.10944 0.18870 0.24422 0.24580 0.20973 0.17716   0.616   0.2083   0.0490    4.25   0.390      227.7   0.0653   0.828929   |    12.96   0.1582   0.9413   0.000   (825s)
 1.70    3.207     35.43   0.02799 0.06436 0.10616 0.17832 0.22285 0.22409 0.19331 0.16421   0.601   0.2095   0.0513    4.08   0.406      256.4   0.0639   0.821136   |    12.53   0.1594   0.8895   0.001   (850s)
 1.75    3.188     38.77   0.02707 0.06190 0.10131 0.16476 0.20111 0.20562 0.18043 0.15492   0.557   0.2165   0.0568    3.81   0.397      268.1   0.0616   0.813377   |    12.08   0.1595   0.8703   0.005   (873s)
 1.80    3.160     41.59   0.02540 0.05840 0.09440 0.14883 0.18298 0.19179 0.17193 0.14705   0.504   0.2192   0.0712    3.08   0.384      256.1   0.0583   0.805674   |    11.50   0.1601   0.8313   0.010   (896s)
 1.85    3.127     42.10   0.02349 0.05356 0.08537 0.13384 0.17041 0.18284 0.16548 0.14049   0.489   0.2217   0.0823    2.69   0.384      255.1   0.0553   0.798044   |    11.10   0.1616   0.8136   0.018   (919s)
 1.90    3.091     40.56   0.02114 0.04756 0.07567 0.12191 0.16239 0.17723 0.16028 0.13723   0.494   0.2166   0.0802    2.70   0.435      249.3   0.0538   0.790500   |    10.73   0.1636   0.7833   0.022   (945s)
 1.95    3.052     37.80   0.01828 0.04135 0.06703 0.11315 0.15680 0.17320 0.15594 0.13642   0.492   0.2046   0.0652    3.14   0.475      217.8   0.0536   0.783047   |    10.35   0.1683   0.7652   0.029   (970s)
 2.00    3.014     36.27   0.01541 0.03600 0.06030 0.10680 0.15212 0.16946 0.15323 0.13596   0.467   0.1978   0.0613    3.23   0.486      188.8   0.0542   0.775688   |    10.08   0.1715   0.7316   0.042   (996s)
 2.05    2.976     36.81   0.01306 0.03190 0.05529 0.10202 0.14768 0.16531 0.15252 0.13531   0.420   0.1948   0.0620    3.14   0.450      187.5   0.0551   0.768422   |     9.79   0.1738   0.7232   0.056   (1021s)
 2.10    2.941     36.83   0.01128 0.02881 0.05155 0.09825 0.14323 0.16090 0.15290 0.13567   0.385   0.1945   0.0647    3.01   0.424      189.1   0.0559   0.761245   |     9.54   0.1771   0.6977   0.066   (1044s)
 2.15    2.908     36.24   0.01000 0.02655 0.04889 0.09520 0.13890 0.15676 0.15281 0.13824   0.382   0.1904   0.0699    2.72   0.412      183.0   0.0564   0.754150   |     9.30   0.1831   0.6883   0.073   (1067s)
 2.20    2.877     35.31   0.00919 0.02516 0.04730 0.09275 0.13500 0.15356 0.15159 0.14254   0.398   0.1866   0.0743    2.51   0.395      184.6   0.0569   0.747132   |     9.06   0.1846   0.6676   0.088   (1090s)
 2.25    2.849     34.69   0.00888 0.02474 0.04682 0.09106 0.13221 0.15147 0.14966 0.14670   0.409   0.1853   0.0813    2.28   0.379      186.7   0.0575   0.740185   |     8.80   0.1876   0.6430   0.100   (1113s)
 2.30    2.822     33.92   0.00907 0.02523 0.04725 0.09033 0.13125 0.14940 0.14770 0.14912   0.412   0.1835   0.0826    2.22   0.374      189.3   0.0582   0.733305   |     8.65   0.1886   0.6242   0.111   (1136s)
 2.35    2.796     33.12   0.00967 0.02631 0.04825 0.09072 0.13206 0.14723 0.14636 0.14929   0.407   0.1807   0.0794    2.28   0.388      173.3   0.0591   0.726490   |     8.47   0.1902   0.6080   0.118   (1159s)
 2.40    2.769     32.81   0.01050 0.02761 0.04950 0.09210 0.13352 0.14558 0.14591 0.14767   0.396   0.1773   0.0754    2.35   0.425      156.7   0.0601   0.719739   |     8.32   0.1884   0.6066   0.127   (1182s)

C26 Lagrangian: gap 0.2728 -> 0.1561 (min at t = 1.55, inside the clock 2.40); linear fit T* = 1.98, lambda = 0.99; jump 1.0339 at seed -> max 1.0788 before the merge (x1.04); material |w| 13.1 -> 14.0
C28 flip: fraction of tagged particles with reversed omega . xi_ref: 0.000 at seed -> 0.000 at the merge -> 0.127 at the clock; gap after the merge re-opens, no second closing inside the clock
REGISTERED C28: between
REGISTERED C26: PASS: linear closing, bounded jump

C22 descent: separation -> peak twist, peak time (clock expires at t = 2.40)
   sep 0.05   peak 0.02799 at t = 1.70
   sep 0.07   peak 0.06508 at t = 1.65
   sep 0.10   peak 0.11001 at t = 1.60
   sep 0.14   peak 0.20333 at t = 1.50
   sep 0.20   peak 0.32384 at t = 1.40
   sep 0.28   peak 0.42046 at t = 1.25
   sep 0.40   peak 0.49716 at t = 0.95
   sep 0.56   peak 0.45756 at t = 0.70
   halving times (time for the wave to descend one octave), from resolved peaks only:
      0.56 -> 0.40 : 0.25  per octave 0.52
      0.40 -> 0.28 : 0.30  per octave 0.58
      0.28 -> 0.20 : 0.15  per octave 0.31
      0.20 -> 0.14 : 0.10  per octave 0.19
      0.14 -> 0.10 : 0.10  per octave 0.21
      0.10 -> 0.07 : 0.05  per octave 0.10
      0.07 -> 0.05 : 0.05  per octave 0.10
   V: gap = 0.501 (1.79 - t) from sep >= 0.1, T* = 1.79; thickness e-fold 1.18 fitted on t in [0.40, 1.60]; arms meet at t = 1.69, scale 0.052, sqrt(nu/s) there 0.051 (inside the clock)

clock expires at t = 2.40 (delta 0.0601); strong twist peak 0.11001 at t = 1.60, at the clock 0.04950 (fall 55%); max|w| growth to the clock 4.58x
race variable ell/ell_nu min inside the clock = 2.22 (at t = 2.30); cut fraction at the clock 0.425
C21: Re_seam at the twist peak (t = 1.60) = 211.4; twist peak 0.11001; max|w| at the peak 29.1
REGISTERED C20 at nu=0.002: between (see rows)
