found field at /kaggle/input/datasets/mrigshira/zef-found/leashed64_dmin030.npz
forced: f = 0.50 x (initial field, |k| <= 4), |f|_rms = 0.1045, energy injection rate at t=0 = 0.0218 (vs 2 nu Z0 = 0.0008)
seam race on GPU: IC=found  N=256^3  nu=0.001  T=2.4  Z0=0.375  clock 2dx=0.0491  device=cuda  FORCE=0.5
   t     Z/Z0    max|w|   twist@0.05 @0.07 @0.1 @0.14 @0.2 @0.28 @0.4 @0.56   anti    ell     ell_nu   race   cut    Re_seam   delta     E/E0
 0.00    1.000      7.16   0.00000 0.00000 0.00000 0.00001 0.00008 0.00071 0.00821 0.06333   0.000   0.6364   0.1843    3.45   0.000     1820.1   (tail empty)   1.000000   (1s)
 0.05    1.044      7.47   0.00000 0.00000 0.00000 0.00001 0.00008 0.00078 0.00950 0.07225   0.000   0.6346   0.0845    7.51   0.000     1879.3   (tail empty)   1.034403   (10s)
 0.10    1.098      8.34   0.00000 0.00000 0.00000 0.00001 0.00010 0.00105 0.01264 0.08789   0.000   0.6340   0.0616   10.28   0.000     2070.6   (tail empty)   1.069306   (20s)
 0.15    1.163      9.23   0.00000 0.00000 0.00000 0.00002 0.00016 0.00177 0.01868 0.11083   0.000   0.5976   0.0509   11.75   0.000     2025.1   (tail empty)   1.104605   (31s)
 0.20    1.240     10.12   0.00000 0.00000 0.00000 0.00003 0.00033 0.00326 0.02861 0.14065   0.000   0.5303   0.0450   11.79   0.000     1757.3   (tail empty)   1.140197   (41s)
 0.25    1.329     11.00   0.00000 0.00000 0.00000 0.00007 0.00070 0.00582 0.04340 0.17568   0.000   0.4732   0.0409   11.57   0.000     1531.3   (tail empty)   1.175983   (52s)
 0.30    1.430     11.86   0.00000 0.00000 0.00000 0.00015 0.00133 0.00969 0.06390 0.21357   0.000   0.4328   0.0385   11.25   0.000     1398.6   0.2506   1.211865   (62s)
 0.35    1.543     13.22   0.00000 0.00000 0.00001 0.00030 0.00228 0.01536 0.08996 0.25217   0.000   0.3989   0.0367   10.86   0.000     1322.0   0.2167   1.247755   (73s)
 0.40    1.670     14.72   0.00000 0.00000 0.00002 0.00053 0.00365 0.02326 0.12051 0.28987   0.000   0.3671   0.0358   10.26   0.000     1243.1   0.1875   1.283567   (84s)
 0.45    1.809     16.29   0.00000 0.00000 0.00004 0.00086 0.00576 0.03344 0.15390 0.32533   0.000   0.3417   0.0357    9.56   0.000     1188.6   0.1600   1.319226   (96s)
 0.50    1.962     17.88   0.00000 0.00001 0.00007 0.00139 0.00884 0.04578 0.18861 0.35692   0.000   0.3236   0.0364    8.89   0.000     1150.2   0.1359   1.354661   (108s)
 0.55    2.127     19.46   0.00000 0.00001 0.00012 0.00228 0.01307 0.06008 0.22368 0.38259   0.000   0.3089   0.0380    8.13   0.000     1121.3   0.1197   1.389813   (119s)
 0.60    2.305     21.13   0.00000 0.00002 0.00019 0.00368 0.01864 0.07621 0.25860 0.39980   0.001   0.2978   0.0403    7.38   0.000     1142.3   0.1063   1.424628   (130s)
 0.65    2.495     22.64   0.00000 0.00003 0.00034 0.00572 0.02569 0.09442 0.29345 0.40537   0.007   0.2934   0.0436    6.72   0.000     1182.2   0.0951   1.459058   (140s)
 0.70    2.698     24.17   0.00000 0.00006 0.00063 0.00862 0.03439 0.11524 0.32874 0.39605   0.018   0.2905   0.0479    6.07   0.000       78.4   0.0857   1.493066   (151s)
 0.75    2.912     25.55   0.00000 0.00012 0.00115 0.01265 0.04517 0.13938 0.36415 0.37134   0.035   0.2908   0.0533    5.45   0.022      102.2   0.0780   1.526617   (162s)
 0.80    3.137     26.77   0.00001 0.00026 0.00206 0.01823 0.05871 0.16804 0.39418 0.33556   0.061   0.2909   0.0630    4.62   0.041      137.3   0.0715   1.559687   (174s)
 0.85    3.372     27.78   0.00002 0.00056 0.00362 0.02611 0.07576 0.20413 0.40724 0.29597   0.095   0.2905   0.0817    3.55   0.062      192.6   0.0653   1.592254   (186s)
 0.90    3.618     28.53   0.00005 0.00120 0.00630 0.03699 0.09767 0.25040 0.40256 0.26042   0.158   0.2903   0.1013    2.87   0.067      211.1   0.0623   1.624305   (197s)
 0.95    3.874     29.01   0.00017 0.00250 0.01088 0.05163 0.12856 0.29378 0.38695 0.23620   0.223   0.2847   0.0765    3.72   0.076      225.1   0.0589   1.655830   (209s)
 1.00    4.140     29.43   0.00048 0.00506 0.01801 0.07219 0.17127 0.32187 0.36422 0.23395   0.287   0.2768   0.0517    5.36   0.091      243.7   0.0565   1.686827   (220s)
 1.05    4.417     29.87   0.00112 0.00935 0.02830 0.10278 0.21282 0.34327 0.34775 0.22941   0.351   0.2505   0.0399    6.27   0.103      279.4   0.0544   1.717296   (233s)
 1.10    4.704     30.50   0.00236 0.01599 0.04336 0.13989 0.24828 0.36364 0.32398 0.21683   0.419   0.2324   0.0327    7.11   0.110      291.3   0.0499   1.747244   (247s)
 1.15    5.003     31.26   0.00454 0.02596 0.06429 0.17725 0.28260 0.36554 0.29661 0.20830   0.487   0.2081   0.0312    6.67   0.127      285.8   0.0471   1.776681  <-- past the clock   (262s)
 1.20    5.314     32.17   0.00817 0.04014 0.09038 0.21298 0.30402 0.34865 0.28231 0.20515   0.545   0.1899   0.0291    6.52   0.148      298.7   0.0474   1.805622  <-- past the clock   (276s)
 1.25    5.636     33.06   0.01383 0.05874 0.11983 0.24179 0.30969 0.32929 0.27870 0.20794   0.597   0.1762   0.0280    6.29   0.152      304.1   0.0474   1.834086  <-- past the clock   (290s)
 1.30    5.967     37.48   0.02222 0.08134 0.14911 0.25663 0.30264 0.30577 0.26442 0.20182   0.623   0.1795   0.0298    6.02   0.128      398.1   0.0464   1.862095  <-- past the clock   (304s)
 1.35    6.301     43.78   0.03363 0.10529 0.17104 0.25813 0.28644 0.27470 0.24042 0.18664   0.641   0.1760   0.0296    5.94   0.112      458.6   0.0465   1.889676  <-- past the clock   (318s)
 1.40    6.628     52.76   0.04494 0.12271 0.18153 0.25019 0.25739 0.23694 0.20989 0.16781   0.701   0.1703   0.0274    6.21   0.085      540.4   0.0451   1.916861  <-- past the clock   (332s)
 1.45    6.938     65.04   0.05403 0.13402 0.18618 0.23035 0.22242 0.20221 0.18420 0.15004   0.807   0.1286   0.0255    5.04   0.092      398.0   0.0425   1.943692  <-- past the clock   (347s)
 1.50    7.221     80.73   0.06196 0.14028 0.17852 0.20203 0.19458 0.18043 0.16461 0.13443   0.949   0.0751   0.0182    4.12   0.097      237.0   0.0403   1.970214  <-- past the clock   (363s)
 1.55    7.472     83.70   0.06156 0.12801 0.15554 0.18190 0.18156 0.16926 0.15461 0.12561   0.882   0.0828   0.0173    4.79   0.144      278.5   0.0395   1.996473  <-- past the clock   (379s)
 1.60    7.691     73.46   0.04723 0.10559 0.13562 0.16883 0.17254 0.16532 0.15026 0.11972   0.760   0.1344   0.0333    4.03   0.164      530.5   0.0395   2.022507  <-- past the clock   (396s)
 1.65    7.900     73.54   0.03644 0.09056 0.12350 0.15753 0.16316 0.16734 0.14084 0.11229   0.726   0.1345   0.0375    3.59   0.198      559.2   0.0395   2.048332  <-- past the clock   (412s)
 1.70    8.120     72.69   0.03207 0.08383 0.11770 0.14959 0.16094 0.16111 0.12933 0.10334   0.688   0.1233   0.0340    3.63   0.181      445.4   0.0392   2.073930  <-- past the clock   (428s)
 1.75    8.355     79.59   0.03342 0.08419 0.11266 0.14080 0.15441 0.14783 0.11972 0.09792   0.708   0.1210   0.0398    3.04   0.142      483.7   0.0387   2.099263  <-- past the clock   (443s)
 1.80    8.594     82.55   0.03499 0.08344 0.10556 0.13303 0.14603 0.14015 0.11381 0.09058   0.732   0.1065   0.0386    2.76   0.137      373.0   0.0381   2.124303  <-- past the clock   (458s)
 1.85    8.829     82.97   0.03438 0.07985 0.09908 0.12925 0.14262 0.13606 0.10813 0.08070   0.695   0.0973   0.0349    2.79   0.165      291.9   0.0376   2.149038  <-- past the clock   (472s)
 1.90    9.061     81.26   0.03234 0.07449 0.09473 0.13126 0.14238 0.13286 0.10097 0.07581   0.694   0.0895   0.0355    2.52   0.179      284.7   0.0374   2.173457  <-- past the clock   (488s)
 1.95    9.290     95.23   0.03205 0.07075 0.09180 0.13161 0.14185 0.12831 0.09424 0.07521   0.682   0.0832   0.0426    1.95   0.193      287.9   0.0370   2.197553  <-- past the clock   (503s)
 2.00    9.518    110.08   0.03103 0.06782 0.08907 0.12889 0.14290 0.12008 0.08819 0.07252   0.676   0.0817   0.0343    2.38   0.165      331.6   0.0364   2.221318  <-- past the clock   (520s)
 2.05    9.757    120.11   0.02995 0.06777 0.08967 0.12242 0.13161 0.10947 0.08205 0.06591   0.774   0.0751   0.0295    2.54   0.141      333.3   0.0364   2.244735  <-- past the clock   (537s)
 2.10   10.022    151.89   0.03087 0.06787 0.08693 0.11273 0.11449 0.09667 0.07429 0.05846   0.859   0.0655   0.0312    2.10   0.125      324.6   0.0369   2.267775  <-- past the clock   (556s)
 2.15   10.306    130.37   0.03495 0.07235 0.08790 0.10524 0.10266 0.09154 0.06611 0.05395   0.890   0.0651   0.0276    2.36   0.146      300.9   0.0368   2.290406  <-- past the clock   (574s)
 2.20   10.591    140.85   0.04345 0.07487 0.08252 0.10021 0.09839 0.09047 0.06504 0.05186   0.932   0.0657   0.0379    1.73   0.244      363.2   0.0359   2.312618  <-- past the clock   (591s)
 2.25   10.849    140.34   0.04457 0.07613 0.08410 0.10074 0.10455 0.09005 0.06632 0.05186   0.954   0.0762   0.0355    2.15   0.213      455.0   0.0352   2.334436  <-- past the clock   (606s)
 2.30   11.095    142.70   0.04190 0.07654 0.08838 0.10683 0.10649 0.08743 0.06450 0.04917   0.941   0.0797   0.0301    2.65   0.166      492.7   0.0352   2.355897  <-- past the clock   (621s)
 2.35   11.337    143.34   0.04214 0.07507 0.09175 0.10968 0.10873 0.09206 0.06264 0.04900   0.906   0.0707   0.0319    2.22   0.140      350.3   0.0351   2.377019  <-- past the clock   (637s)
 2.40   11.574    141.83   0.04302 0.07974 0.09360 0.11218 0.11242 0.09649 0.06248 0.05001   0.847   0.0803   0.0299    2.68   0.180      416.9   0.0342   2.397819  <-- past the clock   (653s)

C22 descent: separation -> peak twist, peak time (clock expires at t = 1.10)
   sep 0.05   peak 0.00236 at t = 1.10   (at the clock or at t = 0: not a peak)
   sep 0.07   peak 0.01599 at t = 1.10   (at the clock or at t = 0: not a peak)
   sep 0.10   peak 0.04336 at t = 1.10   (at the clock or at t = 0: not a peak)
   sep 0.14   peak 0.13989 at t = 1.10   (at the clock or at t = 0: not a peak)
   sep 0.20   peak 0.24828 at t = 1.10   (at the clock or at t = 0: not a peak)
   sep 0.28   peak 0.36364 at t = 1.10   (at the clock or at t = 0: not a peak)
   sep 0.40   peak 0.40724 at t = 0.85
   sep 0.56   peak 0.40537 at t = 0.65

clock expires at t = 1.10 (delta 0.0499); strong twist peak 0.04336 at t = 1.10, at the clock 0.04336 (fall 0%); max|w| growth to the clock 4.26x
race variable ell/ell_nu min inside the clock = 2.87 (at t = 0.90); cut fraction at the clock 0.110
C21: Re_seam at the twist peak (t = 1.10) = 291.3; twist peak 0.04336; max|w| at the peak 30.5
REGISTERED C20 at nu=0.001: between (see rows)
