found field at /kaggle/input/datasets/mrigshira/zef-found/leashed64_dmin030.npz
forced: f = 1.50 x (initial field, |k| <= 4), |f|_rms = 0.3135, energy injection rate at t=0 = 0.0655 (vs 2 nu Z0 = 0.0015)
seam race on GPU: IC=found  N=256^3  nu=0.002  T=3.0  Z0=0.375  clock 2dx=0.0491  device=cuda  FORCE=1.5
   t     Z/Z0    max|w|   twist@0.05 @0.07 @0.1 @0.14 @0.2 @0.28 @0.4 @0.56   anti    ell     ell_nu   race   cut    Re_seam   delta     E/E0
 0.00    1.000      7.16   0.00000 0.00000 0.00000 0.00001 0.00008 0.00071 0.00821 0.06333   0.000   0.6364   0.2607    2.44   0.000      910.1   (tail empty)   1.000000   (1s)
 0.05    1.092      7.60   0.00000 0.00000 0.00000 0.00001 0.00008 0.00074 0.00903 0.06914   0.000   0.6358   0.1178    5.40   0.000      960.4   (tail empty)   1.107014   (11s)
 0.10    1.201      8.63   0.00000 0.00000 0.00000 0.00001 0.00009 0.00095 0.01152 0.08108   0.000   0.6390   0.0855    7.47   0.000     1088.1   (tail empty)   1.220677   (22s)
 0.15    1.328      9.72   0.00000 0.00000 0.00000 0.00001 0.00014 0.00153 0.01654 0.09958   0.000   0.6078   0.0700    8.68   0.000     1099.3   (tail empty)   1.340605   (32s)
 0.20    1.475     10.85   0.00000 0.00000 0.00000 0.00002 0.00027 0.00277 0.02499 0.12432   0.000   0.5437   0.0616    8.82   0.000      990.2   (tail empty)   1.466381   (44s)
 0.25    1.644     11.99   0.00000 0.00000 0.00000 0.00005 0.00057 0.00494 0.03777 0.15396   0.000   0.4834   0.0556    8.70   0.000      871.4   (tail empty)   1.597565   (55s)
 0.30    1.838     13.26   0.00000 0.00000 0.00000 0.00012 0.00109 0.00830 0.05566 0.18645   0.000   0.4403   0.0515    8.56   0.000      808.7   0.2492   1.733698   (67s)
 0.35    2.057     15.13   0.00000 0.00000 0.00001 0.00024 0.00189 0.01335 0.07853 0.21978   0.000   0.4034   0.0487    8.28   0.000      772.9   0.2134   1.874313   (80s)
 0.40    2.304     17.15   0.00000 0.00000 0.00001 0.00042 0.00317 0.02062 0.10532 0.25222   0.000   0.3703   0.0476    7.78   0.000      731.0   0.1800   2.018943   (93s)
 0.45    2.580     19.29   0.00000 0.00000 0.00003 0.00074 0.00532 0.03030 0.13444 0.28193   0.000   0.3434   0.0479    7.16   0.000      705.0   0.1505   2.167127   (106s)
 0.50    2.887     21.50   0.00000 0.00000 0.00006 0.00138 0.00870 0.04245 0.16479 0.30604   0.000   0.3246   0.0498    6.51   0.000      695.9   0.1281   2.318413   (118s)
 0.55    3.224     23.80   0.00000 0.00001 0.00011 0.00256 0.01364 0.05705 0.19605 0.32067   0.001   0.3101   0.0534    5.81   0.000      706.0   0.1120   2.472370   (131s)
 0.60    3.594     26.14   0.00000 0.00002 0.00025 0.00455 0.02038 0.07451 0.22824 0.32150   0.007   0.3061   0.0592    5.17   0.000      752.2   0.0991   2.628581   (144s)
 0.65    3.995     28.34   0.00000 0.00004 0.00057 0.00763 0.02917 0.09598 0.26070 0.30591   0.018   0.3075   0.0691    4.45   0.018       76.7   0.0891   2.786657   (158s)
 0.70    4.428     30.41   0.00000 0.00013 0.00126 0.01216 0.04088 0.12291 0.28897 0.27659   0.038   0.3113   0.0844    3.69   0.064      109.8   0.0811   2.946230   (172s)
 0.75    4.893     32.22   0.00001 0.00037 0.00256 0.01894 0.05697 0.15704 0.30369 0.24227   0.067   0.3192   0.1166    2.74   0.104      155.5   0.0737   3.106963   (186s)
 0.80    5.388     33.67   0.00004 0.00094 0.00495 0.02939 0.07942 0.19657 0.30347 0.21648   0.123   0.3223   0.1432    2.25   0.129      137.4   0.0697   3.268548   (201s)
 0.85    5.913     34.75   0.00014 0.00220 0.00948 0.04510 0.11062 0.22836 0.29664 0.20548   0.192   0.3248   0.0887    3.66   0.132      152.9   0.0656   3.430714   (216s)
 0.90    6.468     35.43   0.00044 0.00491 0.01734 0.06805 0.14571 0.25135 0.28826 0.19141   0.266   0.3084   0.0570    5.41   0.133      188.1   0.0640   3.593226   (232s)
 0.95    7.053     36.11   0.00119 0.01004 0.02970 0.09689 0.17771 0.27051 0.26567 0.17698   0.334   0.2875   0.0456    6.31   0.162      211.6   0.0601   3.755887   (249s)
 1.00    7.666     36.88   0.00287 0.01836 0.04671 0.12692 0.20562 0.27158 0.24443 0.17004   0.393   0.2612   0.0423    6.18   0.179      218.2   0.0572   3.918540   (267s)
 1.05    8.305     38.00   0.00585 0.02956 0.06635 0.15457 0.22310 0.26329 0.23984 0.17328   0.446   0.2443   0.0416    5.88   0.179      233.7   0.0566   4.081066   (284s)
 1.10    8.960     41.37   0.01002 0.04213 0.08592 0.17294 0.22452 0.24934 0.23128 0.16817   0.485   0.2318   0.0435    5.33   0.148      253.0   0.0539   4.243378   (303s)
 1.15    9.616     46.95   0.01445 0.05390 0.10051 0.17529 0.21172 0.22375 0.20730 0.14956   0.494   0.2381   0.0448    5.31   0.128      293.7   0.0521   4.405413   (324s)
 1.20   10.255     51.71   0.01822 0.06175 0.10580 0.16650 0.18797 0.19235 0.17513 0.12659   0.492   0.2368   0.0553    4.28   0.164      311.5   0.0523   4.567122   (344s)
 1.25   10.863     56.44   0.02075 0.06397 0.10249 0.14822 0.16395 0.16825 0.15078 0.11095   0.469   0.2329   0.0614    3.79   0.232      313.0   0.0510   4.728433   (364s)
 1.30   11.435     61.57   0.02032 0.05988 0.09211 0.13217 0.14886 0.15210 0.13695 0.10223   0.435   0.2294   0.0622    3.69   0.258      325.2   0.0484   4.889228  <-- past the clock   (386s)
 1.35   11.991     66.24   0.01752 0.05342 0.08456 0.12445 0.14157 0.14082 0.12699 0.09663   0.406   0.2088   0.0524    3.98   0.204      274.1   0.0466   5.049319  <-- past the clock   (406s)
 1.40   12.573     76.41   0.01844 0.05473 0.08456 0.12318 0.13677 0.13203 0.11354 0.09026   0.490   0.1605   0.0477    3.37   0.200      260.3   0.0455   5.208414  <-- past the clock   (426s)
 1.45   13.187     99.73   0.02127 0.05541 0.08084 0.11508 0.12723 0.12392 0.10045 0.08460   0.579   0.1447   0.0310    4.67   0.243      384.9   0.0451   5.366174  <-- past the clock   (447s)
 1.50   13.806    132.23   0.01858 0.04710 0.07022 0.10508 0.11854 0.11762 0.09620 0.08155   0.659   0.1271   0.0368    3.45   0.126      339.8   0.0447   5.522370  <-- past the clock   (471s)
 1.55   14.397    153.77   0.01391 0.03828 0.06000 0.09971 0.11565 0.11265 0.09044 0.07757   0.870   0.0775   0.0450    1.72   0.164      220.7   0.0437   5.676954  <-- past the clock   (496s)
 1.60   14.965    165.61   0.01188 0.03328 0.05272 0.09469 0.11251 0.10646 0.08648 0.07628   0.939   0.0562   0.1466    0.38   0.237      176.7   0.0433   5.829994  <-- past the clock   (521s)
 1.65   15.538    145.79   0.01078 0.03056 0.04997 0.08916 0.10633 0.10059 0.08783 0.08254   0.701   0.1113   0.1273    0.87   0.270      259.9   0.0432   5.981546  <-- past the clock   (545s)
 1.70   16.139    134.58   0.01059 0.02934 0.04765 0.08070 0.09561 0.09845 0.09055 0.08402   0.681   0.1068   0.0386    2.77   0.306      308.8   0.0444   6.131590  <-- past the clock   (568s)
 1.75   16.771    140.86   0.00992 0.02862 0.04708 0.07353 0.08968 0.09451 0.08537 0.08192   0.720   0.1052   0.0463    2.27   0.367      294.9   0.0449   6.280061  <-- past the clock   (591s)
 1.80   17.431    145.26   0.00992 0.03151 0.05159 0.07429 0.09085 0.08988 0.07684 0.08025   0.763   0.1075   0.0386    2.79   0.374      373.3   0.0452   6.426870  <-- past the clock   (613s)
 1.85   18.123    143.76   0.01468 0.04068 0.05802 0.08200 0.09563 0.08497 0.06898 0.07728   0.788   0.0991   0.0364    2.72   0.263      326.5   0.0453   6.571906  <-- past the clock   (636s)
 1.90   18.854    144.15   0.01950 0.05086 0.07010 0.09530 0.10102 0.08306 0.06467 0.07296   0.825   0.0840   0.0321    2.61   0.287      254.5   0.0448   6.715029  <-- past the clock   (660s)
 1.95   19.625    140.75   0.02227 0.05969 0.08303 0.10211 0.10329 0.08480 0.06688 0.07226   0.823   0.0865   0.0332    2.60   0.265      269.9   0.0446   6.856096  <-- past the clock   (684s)
 2.00   20.442    129.22   0.02331 0.06292 0.08941 0.10915 0.10970 0.08946 0.06880 0.07309   0.775   0.0808   0.0339    2.38   0.247      205.2   0.0446   6.994974  <-- past the clock   (705s)
 2.05   21.278    133.38   0.02300 0.06846 0.10199 0.11776 0.10737 0.08595 0.06556 0.08095   0.840   0.0729   0.0310    2.35   0.245      200.7   0.0444   7.131594  <-- past the clock   (725s)
 2.10   22.087    157.51   0.02252 0.06363 0.09079 0.10348 0.09645 0.08596 0.06819 0.07519   0.872   0.0742   0.0312    2.38   0.291      255.5   0.0434   7.266000  <-- past the clock   (745s)
 2.15   22.837    155.44   0.01879 0.04985 0.07179 0.09764 0.10063 0.09026 0.07960 0.07989   0.854   0.0724   0.0493    1.47   0.313      240.9   0.0424   7.398305  <-- past the clock   (766s)
 2.20   23.554    135.20   0.01718 0.04377 0.06352 0.09662 0.10409 0.10034 0.08908 0.07899   0.760   0.0744   0.0450    1.65   0.340      194.8   0.0425   7.528591  <-- past the clock   (787s)
 2.25   24.294    132.24   0.01597 0.04330 0.06621 0.10074 0.10812 0.10732 0.09014 0.07425   0.725   0.0786   0.0417    1.88   0.321      188.0   0.0434   7.656755  <-- past the clock   (808s)
 2.30   25.048    131.91   0.01867 0.05054 0.07582 0.10628 0.10917 0.10689 0.09305 0.07047   0.780   0.0792   0.0428    1.85   0.316      214.4   0.0433   7.782637  <-- past the clock   (829s)
 2.35   25.821    134.44   0.02179 0.05881 0.08423 0.10579 0.10300 0.09843 0.08825 0.07272   0.854   0.0795   0.0383    2.07   0.347      226.9   0.0439   7.906110  <-- past the clock   (849s)
 2.40   26.618    146.20   0.02685 0.06744 0.08916 0.09799 0.09172 0.09114 0.08012 0.07388   0.858   0.0756   0.0381    1.98   0.362      231.2   0.0437   8.027062  <-- past the clock   (871s)
 2.45   27.410    171.66   0.02723 0.06711 0.08564 0.09212 0.08951 0.08865 0.07781 0.07162   0.857   0.0784   0.0337    2.33   0.349      273.5   0.0437   8.145425  <-- past the clock   (895s)
 2.50   28.169    171.46   0.02989 0.06596 0.08256 0.09934 0.09977 0.09409 0.07692 0.06988   0.847   0.0810   0.0479    1.69   0.314      305.9   0.0430   8.261230  <-- past the clock   (919s)
 2.55   28.869    175.40   0.02762 0.06623 0.08950 0.10680 0.10629 0.09518 0.08017 0.06783   0.888   0.0887   0.0470    1.89   0.280      372.7   0.0429   8.374601  <-- past the clock   (941s)
 2.60   29.548    181.23   0.02798 0.06701 0.08746 0.10972 0.10704 0.09431 0.08315 0.06567   0.921   0.0848   0.0399    2.13   0.244      348.2   0.0425   8.485644  <-- past the clock   (961s)
 2.65   30.180    178.97   0.02821 0.06307 0.08367 0.11023 0.10630 0.09422 0.09173 0.06478   0.883   0.0859   0.0317    2.71   0.260      360.7   0.0418   8.594409  <-- past the clock   (981s)
 2.70   30.692    163.08   0.02439 0.05842 0.08160 0.10742 0.10725 0.09394 0.09030 0.06451   0.801   0.0911   0.0487    1.87   0.238      369.9   0.0417   8.701102  <-- past the clock   (1000s)
 2.75   31.134    141.34   0.02261 0.05942 0.08451 0.10874 0.10706 0.08942 0.08172 0.05980   0.783   0.0805   0.0406    1.98   0.296      257.0   0.0422   8.805952  <-- past the clock   (1019s)
 2.80   31.542    127.39   0.02288 0.06165 0.08649 0.11031 0.10519 0.08571 0.07387 0.05969   0.766   0.0761   0.0392    1.94   0.308      199.1   0.0425   8.909053  <-- past the clock   (1037s)
 2.85   31.891    121.77   0.02326 0.06058 0.08363 0.10565 0.10138 0.08711 0.06946 0.06028   0.740   0.0755   0.0373    2.03   0.349      176.5   0.0426   9.010525  <-- past the clock   (1054s)
 2.90   32.174    123.40   0.02286 0.05699 0.07574 0.09534 0.10068 0.08870 0.06739 0.06111   0.743   0.0738   0.0363    2.03   0.375      163.9   0.0427   9.110553  <-- past the clock   (1072s)
 2.95   32.412    133.21   0.02137 0.05227 0.06891 0.08569 0.09545 0.08695 0.06680 0.06218   0.789   0.0761   0.0417    1.82   0.370      193.3   0.0429   9.209323  <-- past the clock   (1089s)
 3.00   32.650    130.58   0.01876 0.04658 0.06229 0.08206 0.08957 0.08314 0.07054 0.06327   0.787   0.0790   0.0394    2.00   0.365      208.5   0.0431   9.306940  <-- past the clock   (1105s)

C22 descent: separation -> peak twist, peak time (clock expires at t = 1.25)
   sep 0.05   peak 0.02075 at t = 1.25   (at the clock or at t = 0: not a peak)
   sep 0.07   peak 0.06397 at t = 1.25   (at the clock or at t = 0: not a peak)
   sep 0.10   peak 0.10580 at t = 1.20
   sep 0.14   peak 0.17529 at t = 1.15
   sep 0.20   peak 0.22452 at t = 1.10
   sep 0.28   peak 0.27158 at t = 1.00
   sep 0.40   peak 0.30369 at t = 0.75
   sep 0.56   peak 0.32150 at t = 0.60
   halving times (time for the wave to descend one octave), from resolved peaks only:
      0.56 -> 0.40 : 0.15  per octave 0.31
      0.40 -> 0.28 : 0.25  per octave 0.49
      0.28 -> 0.20 : 0.10  per octave 0.21
      0.20 -> 0.14 : 0.05  per octave 0.10
      0.14 -> 0.10 : 0.05  per octave 0.10
   V: gap = 0.718 (1.36 - t) from sep >= 0.1, T* = 1.36; thickness e-fold 0.59 fitted on t in [0.30, 1.20]; arms meet at t = 1.31, scale 0.034, sqrt(nu/s) there 0.062 (beyond the clock)

clock expires at t = 1.25 (delta 0.0510); strong twist peak 0.10580 at t = 1.20, at the clock 0.10249 (fall 3%); max|w| growth to the clock 7.89x
race variable ell/ell_nu min inside the clock = 2.25 (at t = 0.80); cut fraction at the clock 0.232
C21: Re_seam at the twist peak (t = 1.20) = 311.5; twist peak 0.10580; max|w| at the peak 51.7
REGISTERED C20 at nu=0.002: between (see rows)
