found field at /kaggle/input/datasets/mrigshira/zef-found/leashed64_dmin030.npz
forced: f = 0.50 x (initial field, |k| <= 4), |f|_rms = 0.1045, energy injection rate at t=0 = 0.0218 (vs 2 nu Z0 = 0.0015)
seam race on GPU: IC=found  N=256^3  nu=0.002  T=3.0  Z0=0.375  clock 2dx=0.0491  device=cuda  FORCE=0.5
   t     Z/Z0    max|w|   twist@0.05 @0.07 @0.1 @0.14 @0.2 @0.28 @0.4 @0.56   anti    ell     ell_nu   race   cut    Re_seam   delta     E/E0
 0.00    1.000      7.16   0.00000 0.00000 0.00000 0.00001 0.00008 0.00071 0.00821 0.06333   0.000   0.6364   0.2607    2.44   0.000      910.1   (tail empty)   1.000000   (1s)
 0.05    1.042      7.47   0.00000 0.00000 0.00000 0.00001 0.00008 0.00078 0.00948 0.07217   0.000   0.6347   0.1196    5.31   0.000      938.8   (tail empty)   1.033159   (11s)
 0.10    1.094      8.32   0.00000 0.00000 0.00000 0.00001 0.00010 0.00105 0.01260 0.08766   0.000   0.6343   0.0874    7.26   0.000     1033.5   (tail empty)   1.066750   (21s)
 0.15    1.157      9.19   0.00000 0.00000 0.00000 0.00002 0.00016 0.00176 0.01855 0.11030   0.000   0.5984   0.0722    8.29   0.000     1011.5   (tail empty)   1.100656   (32s)
 0.20    1.230     10.06   0.00000 0.00000 0.00000 0.00003 0.00032 0.00321 0.02827 0.13965   0.000   0.5324   0.0639    8.33   0.000      880.1   (tail empty)   1.134765   (43s)
 0.25    1.315     10.92   0.00000 0.00000 0.00000 0.00007 0.00068 0.00570 0.04268 0.17404   0.000   0.4752   0.0581    8.17   0.000      766.2   (tail empty)   1.168966   (53s)
 0.30    1.411     11.74   0.00000 0.00000 0.00000 0.00015 0.00129 0.00942 0.06253 0.21117   0.000   0.4354   0.0547    7.96   0.000      700.5   0.2589   1.203151   (64s)
 0.35    1.518     13.02   0.00000 0.00000 0.00001 0.00029 0.00219 0.01484 0.08769 0.24895   0.000   0.4024   0.0523    7.69   0.000      663.1   0.2262   1.237219   (74s)
 0.40    1.637     14.44   0.00000 0.00000 0.00002 0.00051 0.00349 0.02234 0.11715 0.28582   0.000   0.3711   0.0510    7.28   0.000      623.6   0.1985   1.271078   (85s)
 0.45    1.767     15.90   0.00000 0.00000 0.00004 0.00081 0.00543 0.03198 0.14941 0.32050   0.000   0.3471   0.0508    6.84   0.000      596.0   0.1726   1.304640   (97s)
 0.50    1.907     17.35   0.00000 0.00001 0.00007 0.00128 0.00824 0.04364 0.18309 0.35148   0.000   0.3276   0.0517    6.34   0.000      572.8   0.1499   1.337828   (107s)
 0.55    2.057     18.81   0.00000 0.00001 0.00011 0.00206 0.01208 0.05716 0.21738 0.37685   0.000   0.3134   0.0534    5.87   0.000      563.8   0.1327   1.370574   (118s)
 0.60    2.217     20.28   0.00000 0.00002 0.00017 0.00325 0.01707 0.07246 0.25183 0.39431   0.000   0.3035   0.0564    5.38   0.000      568.7   0.1200   1.402818   (128s)
 0.65    2.385     21.60   0.00000 0.00003 0.00029 0.00496 0.02334 0.08986 0.28639 0.40114   0.003   0.2997   0.0602    4.98   0.000      590.3   0.1095   1.434509   (139s)
 0.70    2.560     22.94   0.00000 0.00005 0.00050 0.00734 0.03104 0.10998 0.32117 0.39461   0.011   0.2991   0.0660    4.53   0.012       37.7   0.1008   1.465603   (149s)
 0.75    2.743     24.16   0.00000 0.00009 0.00086 0.01056 0.04060 0.13360 0.35543 0.37397   0.022   0.3007   0.0728    4.13   0.054       47.5   0.0936   1.496067   (159s)
 0.80    2.930     25.20   0.00001 0.00017 0.00147 0.01491 0.05276 0.16174 0.38515 0.34235   0.038   0.3039   0.0845    3.60   0.114       60.8   0.0876   1.525875   (170s)
 0.85    3.122     26.09   0.00001 0.00034 0.00245 0.02102 0.06842 0.19599 0.40201 0.30580   0.062   0.3063   0.0957    3.20   0.176       82.0   0.0816   1.555010   (182s)
 0.90    3.317     26.72   0.00002 0.00066 0.00404 0.02972 0.08881 0.23711 0.40193 0.27150   0.099   0.3073   0.1128    2.72   0.209       87.5   0.0779   1.583461   (193s)
 0.95    3.514     27.12   0.00006 0.00124 0.00667 0.04194 0.11602 0.27818 0.38905 0.24645   0.154   0.3070   0.1095    2.80   0.224       98.0   0.0748   1.611226   (205s)
 1.00    3.712     27.27   0.00014 0.00232 0.01102 0.05905 0.15106 0.30863 0.36834 0.23800   0.214   0.3001   0.0887    3.38   0.261      109.7   0.0718   1.638310   (217s)
 1.05    3.910     27.52   0.00031 0.00428 0.01782 0.08256 0.18786 0.32963 0.34874 0.23541   0.267   0.2881   0.0701    4.11   0.318      131.2   0.0706   1.664724   (230s)
 1.10    4.108     27.90   0.00067 0.00765 0.02789 0.11086 0.22035 0.34618 0.32909 0.22393   0.321   0.2743   0.0572    4.80   0.325      151.2   0.0671   1.690485   (243s)
 1.15    4.305     28.38   0.00141 0.01290 0.04143 0.13993 0.24913 0.35226 0.30272 0.21275   0.378   0.2575   0.0508    5.07   0.317      160.9   0.0633   1.715616   (255s)
 1.20    4.500     28.98   0.00271 0.02011 0.05747 0.16718 0.26986 0.33877 0.27916 0.20439   0.437   0.2426   0.0484    5.01   0.294      172.8   0.0625   1.740145   (270s)
 1.25    4.690     29.70   0.00467 0.02894 0.07454 0.18917 0.27636 0.31645 0.26745 0.20241   0.486   0.2280   0.0460    4.96   0.257      199.3   0.0629   1.764110   (284s)
 1.30    4.874     30.29   0.00749 0.03912 0.09107 0.20150 0.26915 0.29160 0.25661 0.20058   0.515   0.2197   0.0481    4.57   0.228      204.0   0.0614   1.787554   (298s)
 1.35    5.044     31.72   0.01134 0.04986 0.10402 0.20130 0.25299 0.26509 0.23891 0.19147   0.532   0.2126   0.0497    4.28   0.237      203.2   0.0604   1.810531   (312s)
 1.40    5.196     35.28   0.01553 0.05824 0.10959 0.19341 0.23166 0.23566 0.21610 0.17792   0.540   0.2118   0.0507    4.17   0.258      203.0   0.0592   1.833110   (326s)
 1.45    5.323     40.63   0.01801 0.06139 0.10938 0.18094 0.20512 0.20601 0.19381 0.16510   0.556   0.2181   0.0515    4.23   0.267      228.9   0.0565   1.855371   (340s)
 1.50    5.425     46.34   0.01899 0.06216 0.10649 0.16248 0.17988 0.18310 0.17730 0.15372   0.572   0.2246   0.0509    4.41   0.277      265.0   0.0533   1.877396   (354s)
 1.55    5.503     49.44   0.01920 0.06013 0.09708 0.14321 0.16227 0.16864 0.16592 0.14362   0.565   0.2270   0.0561    4.05   0.287      314.6   0.0512   1.899260   (370s)
 1.60    5.563     47.22   0.01703 0.05198 0.08329 0.12992 0.15233 0.15995 0.15899 0.13441   0.515   0.2153   0.0657    3.28   0.328      247.1   0.0507   1.921021   (385s)
 1.65    5.613     43.81   0.01275 0.04206 0.07281 0.12223 0.14489 0.15487 0.15405 0.12550   0.457   0.2092   0.0673    3.11   0.347      210.3   0.0514   1.942711   (401s)
 1.70    5.662     44.49   0.00965 0.03632 0.06808 0.11661 0.13832 0.15382 0.14699 0.11649   0.437   0.1984   0.0699    2.84   0.297      224.4   0.0524   1.964334   (415s)
 1.75    5.718     47.31   0.00891 0.03550 0.06772 0.11184 0.13520 0.15166 0.13820 0.10947   0.454   0.1784   0.0676    2.64   0.295      228.4   0.0534   1.985869   (429s)
 1.80    5.777     52.06   0.01006 0.03760 0.06799 0.10797 0.13374 0.14464 0.12874 0.10656   0.421   0.1779   0.0723    2.46   0.300      210.6   0.0539   2.007287   (442s)
 1.85    5.837     55.92   0.01110 0.03817 0.06552 0.10504 0.12935 0.13832 0.12130 0.10337   0.400   0.1712   0.0643    2.66   0.250      191.9   0.0534   2.028571   (455s)
 1.90    5.893     58.79   0.01057 0.03605 0.06200 0.10238 0.12511 0.13358 0.11465 0.09853   0.404   0.1664   0.0543    3.06   0.227      209.8   0.0529   2.049715   (468s)
 1.95    5.944     62.45   0.00948 0.03336 0.05876 0.10008 0.12229 0.13025 0.10921 0.09374   0.427   0.1600   0.0543    2.95   0.222      200.9   0.0527   2.070720   (480s)
 2.00    5.993     66.63   0.00886 0.03125 0.05554 0.09904 0.12267 0.12767 0.10624 0.09071   0.447   0.1604   0.0608    2.64   0.227      212.8   0.0528   2.091587   (493s)
 2.05    6.041     66.71   0.00863 0.02997 0.05325 0.09851 0.12431 0.12392 0.10335 0.08786   0.442   0.1477   0.0651    2.27   0.264      196.9   0.0524   2.112309   (507s)
 2.10    6.091     66.02   0.00854 0.02939 0.05201 0.09841 0.12294 0.12006 0.10112 0.08492   0.443   0.1364   0.0704    1.94   0.271      182.5   0.0517   2.132880   (523s)
 2.15    6.146     66.47   0.00872 0.02952 0.05257 0.09818 0.11665 0.11557 0.09933 0.08263   0.463   0.1283   0.0658    1.95   0.244      186.4   0.0518   2.153286   (539s)
 2.20    6.204     68.18   0.00950 0.03078 0.05277 0.09361 0.10695 0.11036 0.09469 0.07866   0.495   0.1215   0.0618    1.97   0.212      177.2   0.0518   2.173510   (555s)
 2.25    6.265     71.73   0.01025 0.03058 0.05018 0.08732 0.09886 0.10562 0.08741 0.07296   0.536   0.1125   0.0501    2.25   0.222      164.1   0.0514   2.193540   (570s)
 2.30    6.327     79.15   0.00942 0.02829 0.04781 0.08339 0.09465 0.10032 0.08225 0.06859   0.605   0.1035   0.0492    2.10   0.301      177.6   0.0510   2.213375   (584s)
 2.35    6.389     76.37   0.00789 0.02641 0.04768 0.08225 0.09337 0.09561 0.08038 0.06663   0.610   0.1079   0.0561    1.92   0.302      175.8   0.0510   2.233019   (598s)
 2.40    6.453     69.18   0.00717 0.02599 0.04950 0.08260 0.09397 0.09567 0.07877 0.06658   0.599   0.1068   0.0523    2.04   0.289      172.6   0.0514   2.252475   (613s)
 2.45    6.520     66.18   0.00685 0.02634 0.05013 0.08342 0.09600 0.10469 0.07696 0.06813   0.594   0.1061   0.0498    2.13   0.284      155.0   0.0516   2.271747   (627s)
 2.50    6.589     66.57   0.00685 0.02637 0.04985 0.08486 0.10170 0.11544 0.07673 0.07316   0.581   0.1059   0.0507    2.09   0.313      147.2   0.0509   2.290840   (641s)
 2.55    6.661     68.02   0.00752 0.02779 0.05157 0.09032 0.11030 0.11741 0.07660 0.07585   0.602   0.1057   0.0494    2.14   0.306      139.1   0.0504   2.309756   (655s)
 2.60    6.736     66.72   0.00886 0.03151 0.05770 0.10078 0.11278 0.11291 0.07540 0.07587   0.629   0.1076   0.0494    2.18   0.297      160.0   0.0507   2.328494   (669s)
 2.65    6.813     68.76   0.01027 0.03704 0.06696 0.10619 0.10965 0.10556 0.07334 0.07473   0.679   0.1055   0.0435    2.43   0.280      178.2   0.0508   2.347057   (683s)
 2.70    6.886     73.90   0.01208 0.04142 0.07017 0.10113 0.10451 0.09806 0.06953 0.07190   0.729   0.1026   0.0433    2.37   0.299      198.4   0.0514   2.365454   (697s)
 2.75    6.955     78.60   0.01335 0.04068 0.06407 0.09249 0.10090 0.09241 0.06724 0.06910   0.774   0.0975   0.0478    2.04   0.332      191.8   0.0522   2.383701   (712s)
 2.80    7.018     79.95   0.01154 0.03474 0.05523 0.08619 0.09930 0.08981 0.06786 0.06840   0.784   0.0954   0.0540    1.77   0.411      197.1   0.0523   2.401818   (726s)
 2.85    7.074     78.94   0.00875 0.02890 0.04926 0.08370 0.09924 0.09008 0.06943 0.07237   0.784   0.0957   0.0552    1.73   0.450      192.3   0.0520   2.419824   (740s)
 2.90    7.125     75.91   0.00753 0.02642 0.04707 0.08377 0.10012 0.09203 0.07223 0.07850   0.787   0.0962   0.0556    1.73   0.462      195.3   0.0518   2.437737   (754s)
 2.95    7.171     72.59   0.00690 0.02481 0.04591 0.08482 0.10259 0.09655 0.07692 0.08387   0.766   0.0986   0.0835    1.18   0.479      190.0   0.0520   2.455576   (767s)
 3.00    7.213     70.55   0.00646 0.02388 0.04544 0.08661 0.10694 0.10277 0.08337 0.08716   0.734   0.1015   0.0834    1.22   0.492      188.8   0.0524   2.473355   (780s)

C22 descent: separation -> peak twist, peak time (clock expires at t = 3.00)
   sep 0.05   peak 0.01920 at t = 1.55
   sep 0.07   peak 0.06216 at t = 1.50
   sep 0.10   peak 0.10959 at t = 1.40
   sep 0.14   peak 0.20150 at t = 1.30
   sep 0.20   peak 0.27636 at t = 1.25
   sep 0.28   peak 0.35226 at t = 1.15
   sep 0.40   peak 0.40201 at t = 0.85
   sep 0.56   peak 0.40114 at t = 0.65
   halving times (time for the wave to descend one octave), from resolved peaks only:
      0.56 -> 0.40 : 0.20  per octave 0.41
      0.40 -> 0.28 : 0.30  per octave 0.58
      0.28 -> 0.20 : 0.10  per octave 0.21
      0.20 -> 0.14 : 0.05  per octave 0.10
      0.14 -> 0.10 : 0.10  per octave 0.21
      0.10 -> 0.07 : 0.10  per octave 0.19
      0.07 -> 0.05 : 0.05  per octave 0.10
   V: gap = 0.595 (1.57 - t) from sep >= 0.1, T* = 1.57; thickness e-fold 0.78 fitted on t in [0.30, 1.40]; arms meet at t = 1.50, scale 0.042, sqrt(nu/s) there 0.051 (inside the clock)

clock expires at t = 3.00 (delta 0.0524); strong twist peak 0.10959 at t = 1.40, at the clock 0.04544 (fall 59%); max|w| growth to the clock 9.86x
race variable ell/ell_nu min inside the clock = 1.18 (at t = 2.95); cut fraction at the clock 0.492
C21: Re_seam at the twist peak (t = 1.40) = 203.0; twist peak 0.10959; max|w| at the peak 35.3
REGISTERED C20 at nu=0.002: between (see rows)
