found field at /kaggle/input/datasets/mrigshira/zef-found/leashed64_dmin030.npz
seam race on GPU: IC=found  N=320^3  nu=0.001  T=2.2  Z0=0.375  clock 2dx=0.0393  device=cuda  FORCE=0
   t     Z/Z0    max|w|   twist@0.05 @0.07 @0.1 @0.14 @0.2 @0.28 @0.4 @0.56   anti    ell     ell_nu   race   cut    Re_seam   delta     E/E0
 0.00    1.000      7.16   0.00000 0.00000 0.00000 0.00001 0.00008 0.00080 0.00821 0.06609   0.000   0.6366   0.1843    3.45   0.000     1821.5   (tail empty)   1.000000   (2s)
 0.05    1.020      7.41   0.00000 0.00000 0.00000 0.00001 0.00009 0.00091 0.00974 0.07703   0.000   0.6342   0.0850    7.46   0.000     1857.2   (tail empty)   0.998776   (25s)
 0.10    1.048      8.18   0.00000 0.00000 0.00000 0.00001 0.00011 0.00127 0.01326 0.09528   0.000   0.6314   0.0624   10.12   0.000     2013.7   (tail empty)   0.997522   (48s)
 0.15    1.086      8.96   0.00000 0.00000 0.00000 0.00001 0.00017 0.00216 0.01989 0.12140   0.000   0.5923   0.0517   11.46   0.000     1936.9   (tail empty)   0.996229   (73s)
 0.20    1.132      9.74   0.00000 0.00000 0.00000 0.00002 0.00036 0.00398 0.03064 0.15471   0.000   0.5244   0.0459   11.44   0.000     1656.4   (tail empty)   0.994884   (97s)
 0.25    1.187     10.47   0.00000 0.00000 0.00000 0.00004 0.00077 0.00703 0.04654 0.19319   0.000   0.4690   0.0420   11.18   0.000     1434.3   (tail empty)   0.993478   (122s)
 0.30    1.251     11.17   0.00000 0.00000 0.00001 0.00010 0.00147 0.01156 0.06843 0.23425   0.000   0.4310   0.0397   10.85   0.000     1306.3   (tail empty)   0.992001   (147s)
 0.35    1.323     12.22   0.00000 0.00000 0.00001 0.00020 0.00250 0.01811 0.09617 0.27567   0.000   0.3983   0.0382   10.42   0.000     1225.8   (tail empty)   0.990441   (172s)
 0.40    1.402     13.42   0.00000 0.00000 0.00003 0.00037 0.00393 0.02701 0.12871 0.31590   0.000   0.3674   0.0374    9.83   0.000     1139.5   0.1906   0.988789   (197s)
 0.45    1.489     14.67   0.00000 0.00001 0.00005 0.00059 0.00601 0.03821 0.16447 0.35377   0.000   0.3429   0.0372    9.22   0.000     1079.0   0.1659   0.987036   (222s)
 0.50    1.584     15.92   0.00000 0.00001 0.00008 0.00091 0.00893 0.05147 0.20190 0.38804   0.000   0.3239   0.0377    8.59   0.000     1036.1   0.1429   0.985173   (244s)
 0.55    1.684     17.17   0.00000 0.00002 0.00013 0.00140 0.01278 0.06648 0.23988 0.41743   0.000   0.3091   0.0389    7.94   0.000     1006.4   0.1247   0.983191   (266s)
 0.60    1.791     18.37   0.00000 0.00004 0.00020 0.00214 0.01766 0.08300 0.27757 0.44052   0.000   0.2972   0.0408    7.28   0.000      994.9   0.1106   0.981084   (289s)
 0.65    1.903     19.49   0.00001 0.00006 0.00031 0.00322 0.02365 0.10107 0.31461 0.45564   0.002   0.2922   0.0430    6.79   0.000     1005.8   0.1010   0.978844   (311s)
 0.70    2.020     20.62   0.00001 0.00009 0.00049 0.00471 0.03087 0.12095 0.35114 0.46050   0.007   0.2885   0.0461    6.26   0.000     1040.1   0.0936   0.976465   (334s)
 0.75    2.141     21.61   0.00002 0.00015 0.00079 0.00672 0.03950 0.14297 0.38773 0.45261   0.016   0.2871   0.0497    5.77   0.000       61.3   0.0872   0.973942   (356s)
 0.80    2.265     22.52   0.00003 0.00025 0.00125 0.00944 0.04990 0.16751 0.42484 0.43128   0.029   0.2831   0.0562    5.03   0.014       73.8   0.0808   0.971270   (379s)
 0.85    2.393     23.30   0.00005 0.00043 0.00197 0.01310 0.06256 0.19528 0.46053 0.39951   0.048   0.2778   0.0628    4.42   0.034       93.1   0.0748   0.968445   (401s)
 0.90    2.523     23.96   0.00009 0.00075 0.00309 0.01813 0.07786 0.22796 0.48617 0.36260   0.075   0.2739   0.0703    3.90   0.058      113.5   0.0694   0.965463   (424s)
 0.95    2.655     24.43   0.00018 0.00131 0.00486 0.02510 0.09635 0.26891 0.49232 0.32595   0.115   0.2695   0.0717    3.76   0.070      134.3   0.0651   0.962322   (446s)
 1.00    2.788     24.75   0.00035 0.00226 0.00764 0.03438 0.11947 0.31776 0.48196 0.29348   0.175   0.2640   0.0678    3.90   0.070      162.2   0.0611   0.959020   (469s)
 1.05    2.923     24.95   0.00069 0.00387 0.01191 0.04638 0.15115 0.36005 0.46095 0.26711   0.234   0.2588   0.0598    4.33   0.090      186.8   0.0581   0.955556   (494s)
 1.10    3.057     25.10   0.00130 0.00649 0.01801 0.06224 0.19398 0.38740 0.43108 0.25125   0.288   0.2525   0.0547    4.61   0.130      204.9   0.0562   0.951929   (518s)
 1.15    3.192     25.32   0.00238 0.01045 0.02639 0.08517 0.23754 0.40501 0.39856 0.25546   0.340   0.2423   0.0485    5.00   0.180      223.4   0.0541   0.948139   (546s)
 1.20    3.327     25.67   0.00414 0.01611 0.03828 0.11666 0.27324 0.41479 0.37761 0.25617   0.397   0.2284   0.0440    5.19   0.215      242.4   0.0535   0.944185   (575s)
 1.25    3.462     26.13   0.00688 0.02435 0.05532 0.15061 0.30396 0.41959 0.35631 0.24638   0.458   0.2136   0.0377    5.66   0.252      252.6   0.0504   0.940067   (605s)
 1.30    3.597     26.70   0.01105 0.03582 0.07643 0.18217 0.33043 0.41220 0.32901 0.23664   0.519   0.1982   0.0341    5.82   0.272      264.2   0.0471   0.935786   (636s)
 1.35    3.732     27.42   0.01688 0.04989 0.09894 0.21100 0.34502 0.38986 0.30421 0.22703   0.579   0.1862   0.0316    5.89   0.275      288.2   0.0451   0.931340   (668s)
 1.40    3.865     28.80   0.02413 0.06560 0.12156 0.23472 0.34393 0.36345 0.28843 0.22049   0.637   0.1791   0.0295    6.08   0.261      317.6   0.0455   0.926732   (700s)
 1.45    3.997     32.04   0.03302 0.08281 0.14356 0.25004 0.33310 0.33603 0.27454 0.21715   0.677   0.1824   0.0311    5.87   0.208      418.0   0.0462   0.921962   (730s)
 1.50    4.126     35.48   0.04413 0.10107 0.16279 0.25655 0.31644 0.30875 0.25406 0.20730   0.711   0.1847   0.0318    5.80   0.165      505.8   0.0464   0.917035   (759s)
 1.55    4.250     38.57   0.05705 0.11787 0.17629 0.25556 0.29507 0.28184 0.23206 0.19213   0.729   0.1871   0.0323    5.78   0.155      577.1   0.0461   0.911954   (789s)
 1.60    4.365     44.76   0.06968 0.12988 0.18201 0.24913 0.27111 0.25320 0.21006 0.17333   0.728   0.1798   0.0319    5.65   0.143      593.6   0.0464   0.906727   (816s)
 1.65    4.467     54.03   0.07856 0.13474 0.18128 0.23527 0.24310 0.22499 0.18657 0.15529   0.745   0.1433   0.0338    4.24   0.138      433.4   0.0462   0.901368   (843s)
 1.70    4.553     67.55   0.08159 0.13197 0.17159 0.21101 0.21251 0.19703 0.16564 0.14008   0.837   0.0887   0.0278    3.20   0.085      253.9   0.0437   0.895895   (870s)
 1.75    4.621     77.00   0.07940 0.12088 0.15430 0.18391 0.18729 0.17554 0.15044 0.12641   0.902   0.0768   0.0219    3.51   0.163      212.2   0.0398   0.890328   (895s)
 1.80    4.672     82.19   0.07385 0.10696 0.13570 0.16345 0.17296 0.16363 0.14041 0.11889   0.938   0.0811   0.0193    4.20   0.175      274.3   0.0377   0.884689  <-- past the clock   (920s)
 1.85    4.710     83.95   0.06439 0.09503 0.12228 0.15129 0.16521 0.15845 0.13505 0.11669   0.950   0.0809   0.0234    3.46   0.218      295.3   0.0375   0.878997  <-- past the clock   (947s)
 1.90    4.740     87.11   0.05643 0.08701 0.11304 0.14249 0.15750 0.15307 0.13162 0.11417   0.944   0.0614   0.0207    2.97   0.207      200.2   0.0377   0.873264  <-- past the clock   (974s)
 1.95    4.767     89.54   0.05084 0.08061 0.10533 0.13389 0.14946 0.14524 0.13028 0.11006   0.928   0.0548   0.2407    0.23   0.224      175.9   0.0377   0.867498  <-- past the clock   (1001s)
 2.00    4.793     97.74   0.04547 0.07417 0.09829 0.12629 0.14140 0.13853 0.12882 0.10837   0.893   0.0530      -       nan   0.343      172.4   0.0379   0.861698  <-- past the clock   (1026s)
 2.05    4.820     94.98   0.04122 0.06856 0.09262 0.12028 0.13397 0.13439 0.12700 0.11069   0.890   0.0556   0.0410    1.36   0.431      175.7   0.0384   0.855867  <-- past the clock   (1051s)
 2.10    4.847     88.83   0.03871 0.06543 0.08971 0.11657 0.12988 0.13248 0.12759 0.11238   0.789   0.0538   0.0362    1.48   0.464      164.6   0.0385   0.850003  <-- past the clock   (1076s)
 2.15    4.874     84.03   0.03778 0.06516 0.08916 0.11478 0.12831 0.13209 0.12927 0.11334   0.770   0.0609   0.0487    1.25   0.324      184.9   0.0388   0.844106  <-- past the clock   (1103s)
 2.20    4.901     75.72   0.03836 0.06695 0.09050 0.11538 0.12958 0.13146 0.13299 0.11270   0.732   0.0725   0.0456    1.59   0.265      249.7   0.0390   0.838176  <-- past the clock   (1130s)

C22 descent: separation -> peak twist, peak time (clock expires at t = 1.75)
   sep 0.05   peak 0.08159 at t = 1.70
   sep 0.07   peak 0.13474 at t = 1.65
   sep 0.10   peak 0.18201 at t = 1.60
   sep 0.14   peak 0.25655 at t = 1.50
   sep 0.20   peak 0.34502 at t = 1.35
   sep 0.28   peak 0.41959 at t = 1.25
   sep 0.40   peak 0.49232 at t = 0.95
   sep 0.56   peak 0.46050 at t = 0.70
   halving times (time for the wave to descend one octave), from resolved peaks only:
      0.56 -> 0.40 : 0.25  per octave 0.52
      0.40 -> 0.28 : 0.30  per octave 0.58
      0.28 -> 0.20 : 0.10  per octave 0.21
      0.20 -> 0.14 : 0.15  per octave 0.29
      0.14 -> 0.10 : 0.10  per octave 0.21
      0.10 -> 0.07 : 0.05  per octave 0.10
      0.07 -> 0.05 : 0.05  per octave 0.10
   V: gap = 0.507 (1.78 - t) from sep >= 0.1, T* = 1.78; thickness e-fold 0.88 fitted on t in [0.40, 1.60]; arms meet at t = 1.72, scale 0.031, sqrt(nu/s) there 0.028 (inside the clock)

clock expires at t = 1.75 (delta 0.0398); strong twist peak 0.18201 at t = 1.60, at the clock 0.15430 (fall 15%); max|w| growth to the clock 10.76x
race variable ell/ell_nu min inside the clock = 3.20 (at t = 1.70); cut fraction at the clock 0.163
C21: Re_seam at the twist peak (t = 1.60) = 593.6; twist peak 0.18201; max|w| at the peak 44.8
REGISTERED C20 at nu=0.001: between (see rows)
