found field at /kaggle/input/datasets/mrigshira/zef-found/leashed64_dmin030.npz
seam race on GPU: IC=found  N=256^3  nu=0.002  T=3.0  Z0=0.375  clock 2dx=0.0491  device=cuda  FORCE=1 (track)
   t     Z/Z0    max|w|   twist@0.05 @0.07 @0.1 @0.14 @0.2 @0.28 @0.4 @0.56   anti    ell     ell_nu   race   cut    Re_seam   delta     E/E0
   tracking force refreshed: injection rate 0.0238 (2 nu Z = 0.0015)
 0.00    1.000      7.16   0.00000 0.00000 0.00000 0.00001 0.00008 0.00071 0.00821 0.06333   0.000   0.6364   0.2607    2.44   0.000      910.1   (tail empty)   1.000000   (1s)
 0.05    1.064      7.73   0.00000 0.00000 0.00000 0.00001 0.00007 0.00071 0.00900 0.07084   0.000   0.6193   0.1192    5.20   0.000      928.6   0.2073   1.036528   (12s)
 0.10    1.143      8.94   0.00000 0.00000 0.00000 0.00001 0.00008 0.00091 0.01165 0.08566   0.000   0.6050   0.0858    7.06   0.000     1012.9   0.1436   1.073402   (23s)
 0.15    1.234     10.26   0.00000 0.00000 0.00000 0.00001 0.00013 0.00152 0.01730 0.10902   0.000   0.5591   0.0694    8.06   0.000      988.6   0.1294   1.107120   (34s)
 0.20    1.341     11.66   0.00000 0.00000 0.00000 0.00002 0.00027 0.00285 0.02719 0.14090   0.000   0.4805   0.0599    8.02   0.000      838.3   0.1260   1.138154   (46s)
 0.25    1.468     13.13   0.00000 0.00000 0.00000 0.00006 0.00057 0.00513 0.04294 0.17922   0.000   0.4185   0.0545    7.68   0.000      727.6   0.1142   1.167320   (58s)
 0.30    1.617     14.83   0.00000 0.00000 0.00000 0.00012 0.00105 0.00866 0.06601 0.22089   0.000   0.3732   0.0518    7.20   0.000      660.3   0.1032   1.195581   (69s)
 0.35    1.791     17.29   0.00000 0.00000 0.00001 0.00022 0.00173 0.01434 0.09608 0.26335   0.000   0.3388   0.0507    6.68   0.000      630.4   0.0981   1.223224   (82s)
 0.40    1.989     20.00   0.00000 0.00000 0.00002 0.00036 0.00296 0.02258 0.13109 0.30474   0.000   0.3086   0.0516    5.98   0.000      602.4   0.0986   1.249096   (96s)
 0.45    2.212     22.88   0.00000 0.00000 0.00003 0.00064 0.00514 0.03335 0.16862 0.34271   0.000   0.2843   0.0557    5.11   0.000      583.4   0.1010   1.273572   (109s)
   tracking force refreshed: injection rate 0.0175 (2 nu Z = 0.0037)
 0.50    2.459     25.90   0.00000 0.00000 0.00005 0.00125 0.00857 0.04655 0.20738 0.37376   0.000   0.2657   0.0642    4.14   0.000      578.7   0.1002   1.296922   (122s)
 0.55    2.729     28.99   0.00000 0.00001 0.00011 0.00239 0.01358 0.06257 0.24760 0.39215   0.002   0.2618   0.0866    3.02   0.000      613.0   0.0965   1.319265   (135s)
 0.60    3.020     31.85   0.00000 0.00002 0.00025 0.00431 0.02063 0.08301 0.29147 0.38805   0.009   0.2608   0.2279    1.14   0.000      676.8   0.0904   1.340634   (148s)
 0.65    3.332     34.55   0.00000 0.00007 0.00059 0.00751 0.03101 0.11041 0.34177 0.35293   0.022   0.2563      -       nan   0.002       43.3   0.0840   1.361368   (161s)
 0.70    3.662     36.66   0.00001 0.00019 0.00134 0.01325 0.04730 0.14979 0.38792 0.30050   0.052   0.2503      -       nan   0.070       47.8   0.0772   1.381526   (174s)
 0.75    4.010     37.95   0.00003 0.00054 0.00323 0.02434 0.07436 0.20999 0.39065 0.25568   0.110   0.2462      -       nan   0.111       69.7   0.0734   1.401624   (189s)
 0.80    4.380     38.43   0.00013 0.00177 0.00836 0.04618 0.12348 0.27183 0.36620 0.22746   0.188   0.2484      -       nan   0.177       90.7   0.0668   1.422426   (204s)
 0.85    4.776     38.76   0.00068 0.00603 0.02135 0.08854 0.18368 0.31036 0.35887 0.22643   0.273   0.2495   0.0851    2.93   0.278      123.2   0.0563   1.444799   (223s)
 0.90    5.201     41.37   0.00333 0.01818 0.04767 0.14126 0.24142 0.34657 0.35025 0.21482   0.365   0.2279   0.0568    4.02   0.337      155.8   0.0511   1.468910   (243s)
 0.95    5.644     49.86   0.00857 0.03697 0.08025 0.19085 0.28224 0.35161 0.32310 0.20835   0.454   0.2179   0.0484    4.50   0.387      257.0   0.0493   1.491537   (266s)
   tracking force refreshed: injection rate 0.0123 (2 nu Z = 0.0091)
 1.00    6.068     61.85   0.01246 0.05196 0.10454 0.21499 0.28919 0.32822 0.28955 0.20083   0.483   0.2290   0.0667    3.43   0.316      448.0   0.0469   1.505601  <-- past the clock   (290s)
 1.05    6.453     73.65   0.01447 0.05858 0.11205 0.21042 0.27047 0.29022 0.25146 0.18231   0.513   0.2217      -       nan   0.329      612.1   0.0472   1.510212  <-- past the clock   (314s)
 1.10    6.805     88.32   0.01553 0.05847 0.10655 0.18956 0.23682 0.24724 0.20500 0.15901   0.446   0.1752      -       nan   0.125      278.7   0.0473   1.508855  <-- past the clock   (337s)
 1.15    7.117     97.54   0.01574 0.05497 0.09559 0.16347 0.20137 0.20922 0.16658 0.13441   0.462   0.1315      -       nan   0.129      196.8   0.0478   1.502834  <-- past the clock   (358s)
 1.20    7.393     99.17   0.01579 0.05135 0.08601 0.14433 0.17625 0.18199 0.14193 0.11252   0.406   0.1512      -       nan   0.226      217.7   0.0473   1.494968  <-- past the clock   (377s)
 1.25    7.638     99.15   0.01583 0.05012 0.08219 0.13447 0.16219 0.16441 0.12214 0.09548   0.440   0.1510      -       nan   0.227      272.2   0.0477   1.487122  <-- past the clock   (398s)
 1.30    7.868     93.75   0.01744 0.05191 0.08033 0.12974 0.15128 0.14662 0.10514 0.08635   0.543   0.1445   0.0694    2.08   0.202      356.9   0.0490   1.479702  <-- past the clock   (421s)
 1.35    8.101     81.90   0.01935 0.05090 0.07526 0.11678 0.13398 0.12769 0.08936 0.07981   0.560   0.1245   0.0420    2.96   0.193      218.4   0.0474   1.474280  <-- past the clock   (444s)
 1.40    8.371     97.70   0.01663 0.04458 0.06554 0.09921 0.11400 0.10855 0.07440 0.07236   0.535   0.1245   0.0508    2.45   0.194      256.0   0.0465   1.473763  <-- past the clock   (467s)
 1.45    8.618    113.63   0.01326 0.03838 0.05851 0.08748 0.09881 0.09067 0.06633 0.06566   0.446   0.1288   0.1067    1.21   0.177      289.6   0.0461   1.468356  <-- past the clock   (490s)
   tracking force refreshed: injection rate 0.0065 (2 nu Z = 0.0133)
 1.50    8.854    124.95   0.01233 0.03833 0.06150 0.08988 0.09300 0.08369 0.06587 0.06620   0.519   0.1198   0.0626    1.91   0.159      272.9   0.0457   1.459185  <-- past the clock   (513s)
 1.55    9.075    118.91   0.01793 0.05252 0.07844 0.10104 0.09683 0.08594 0.07189 0.07031   0.651   0.1105   0.1019    1.08   0.149      347.2   0.0455   1.447835  <-- past the clock   (536s)
 1.60    9.266    111.76   0.02187 0.06440 0.09672 0.11853 0.10165 0.08488 0.07439 0.06395   0.694   0.0977   0.1620    0.60   0.197      278.2   0.0445   1.437091  <-- past the clock   (557s)
 1.65    9.397    111.06   0.02750 0.07765 0.10634 0.11603 0.09851 0.08201 0.07376 0.05434   0.687   0.0943      -       nan   0.228      260.5   0.0430   1.427193  <-- past the clock   (578s)
 1.70    9.457    124.91   0.02946 0.07383 0.09517 0.10697 0.09528 0.08321 0.07424 0.05333   0.710   0.1006      -       nan   0.212      273.9   0.0435   1.417117  <-- past the clock   (598s)
 1.75    9.443    132.43   0.02767 0.06433 0.08249 0.10036 0.09566 0.08646 0.07939 0.05852   0.746   0.1020   0.0613    1.66   0.209      310.1   0.0437   1.404354  <-- past the clock   (619s)
 1.80    9.395    133.06   0.02201 0.05243 0.07048 0.09272 0.09713 0.08946 0.07988 0.06207   0.756   0.0945   0.0712    1.33   0.272      305.4   0.0427   1.390140  <-- past the clock   (640s)
 1.85    9.349    125.45   0.01756 0.04400 0.06249 0.08914 0.09234 0.09041 0.08120 0.05930   0.713   0.0891   0.0463    1.92   0.232      239.1   0.0426   1.375435  <-- past the clock   (660s)
 1.90    9.327    121.89   0.01601 0.03839 0.05670 0.08596 0.08819 0.09333 0.08326 0.05420   0.756   0.0901   0.0541    1.67   0.261      259.9   0.0425   1.361242  <-- past the clock   (679s)
 1.95    9.314    120.54   0.01426 0.03862 0.06000 0.08731 0.08831 0.09031 0.08049 0.05092   0.774   0.0868   0.0576    1.51   0.278      237.4   0.0430   1.347169  <-- past the clock   (699s)
   tracking force refreshed: injection rate 0.0054 (2 nu Z = 0.0140)
 2.00    9.321    119.13   0.01533 0.04236 0.06468 0.09438 0.09411 0.09101 0.07870 0.04805   0.760   0.0860   0.0552    1.56   0.298      235.2   0.0429   1.333082  <-- past the clock   (717s)
 2.05    9.340    117.12   0.01698 0.04790 0.07256 0.10008 0.09842 0.09519 0.08126 0.04680   0.781   0.0865   0.0478    1.81   0.317      235.0   0.0439   1.319065  <-- past the clock   (734s)
 2.10    9.361    118.48   0.02200 0.05798 0.08101 0.10545 0.10065 0.09465 0.07945 0.04861   0.839   0.0875   0.0474    1.85   0.323      254.1   0.0437   1.305175  <-- past the clock   (752s)
 2.15    9.365    120.62   0.02443 0.06120 0.08453 0.10718 0.09361 0.08229 0.07354 0.04835   0.853   0.0850   0.0586    1.45   0.327      229.2   0.0433   1.290932  <-- past the clock   (770s)
 2.20    9.344    123.83   0.02317 0.05899 0.08472 0.10251 0.09105 0.07600 0.06616 0.04421   0.844   0.0864   0.0771    1.12   0.310      224.2   0.0430   1.276231  <-- past the clock   (786s)
 2.25    9.294    115.96   0.02132 0.05533 0.08096 0.10162 0.09159 0.07511 0.06247 0.04326   0.829   0.0851   0.0488    1.74   0.317      223.7   0.0433   1.260943  <-- past the clock   (802s)
 2.30    9.237    111.17   0.01886 0.05002 0.07515 0.10000 0.09171 0.07552 0.06256 0.04503   0.807   0.0833   0.0597    1.39   0.307      218.0   0.0440   1.246423  <-- past the clock   (818s)
 2.35    9.169    115.16   0.01775 0.04829 0.07177 0.09612 0.09413 0.07928 0.06017 0.04524   0.795   0.0800   0.0487    1.64   0.348      213.4   0.0439   1.232384  <-- past the clock   (833s)
 2.40    9.070    104.91   0.01682 0.04587 0.06773 0.09259 0.09748 0.08610 0.05765 0.04548   0.790   0.0743   0.0552    1.35   0.353      162.7   0.0439   1.217633  <-- past the clock   (849s)
 2.45    8.985    108.33   0.01530 0.04357 0.06533 0.09059 0.09735 0.09001 0.05914 0.04566   0.751   0.0765   0.0558    1.37   0.389      171.2   0.0445   1.204068  <-- past the clock   (863s)
   tracking force refreshed: injection rate 0.0044 (2 nu Z = 0.0133)
 2.50    8.897    107.86   0.01470 0.04322 0.06516 0.08915 0.09643 0.09118 0.06284 0.04570   0.741   0.0778   0.0692    1.12   0.393      172.3   0.0458   1.189794  <-- past the clock   (879s)
 2.55    8.811    124.06   0.01449 0.04350 0.06572 0.09016 0.09621 0.09070 0.06519 0.04667   0.734   0.0848   0.0509    1.67   0.405      229.1   0.0467   1.175384  <-- past the clock   (894s)
 2.60    8.694    135.23   0.01493 0.04559 0.06946 0.09398 0.09669 0.09160 0.06599 0.04727   0.808   0.1001   0.0491    2.04   0.375      362.7   0.0470   1.159196  <-- past the clock   (910s)
 2.65    8.553    132.82   0.01682 0.05028 0.07504 0.09765 0.09941 0.09325 0.06680 0.04708   0.886   0.1012   0.0758    1.34   0.384      384.2   0.0471   1.142234  <-- past the clock   (924s)
 2.70    8.400    120.07   0.01821 0.05280 0.07768 0.10013 0.10331 0.09409 0.06731 0.04769   0.836   0.1038   0.0709    1.46   0.418      323.4   0.0473   1.125452  <-- past the clock   (939s)
 2.75    8.250    101.76   0.01755 0.05217 0.07856 0.10306 0.10815 0.09671 0.06895 0.04986   0.655   0.1051   0.0937    1.12   0.461      226.5   0.0476   1.109530  <-- past the clock   (953s)
 2.80    8.122     90.35   0.01674 0.05070 0.07873 0.10620 0.10949 0.09853 0.07043 0.05166   0.681   0.0952   0.0779    1.22   0.448      185.9   0.0480   1.095298  <-- past the clock   (967s)
 2.85    8.014     80.51   0.01577 0.04843 0.07733 0.10662 0.10826 0.09618 0.07094 0.05290   0.680   0.0921   0.0578    1.59   0.397      168.1   0.0484   1.082561  <-- past the clock   (982s)
 2.90    7.925     84.25   0.01522 0.04624 0.07416 0.10537 0.10638 0.08980 0.06959 0.05388   0.681   0.0927   0.0509    1.82   0.433      171.4   0.0487   1.071519  <-- past the clock   (996s)
 2.95    7.814     85.67   0.01487 0.04456 0.07198 0.10422 0.10401 0.08495 0.06904 0.05540   0.674   0.0940   0.0563    1.67   0.437      177.7   0.0484   1.059763  <-- past the clock   (1011s)
   tracking force refreshed: injection rate 0.0039 (2 nu Z = 0.0115)
 3.00    7.686     88.00   0.01412 0.04276 0.06880 0.09991 0.09893 0.08196 0.06855 0.05689   0.682   0.0932   0.0591    1.58   0.446      198.2   0.0480   1.047814  <-- past the clock   (1024s)

C22 descent: separation -> peak twist, peak time (clock expires at t = 0.95)
   sep 0.05   peak 0.00857 at t = 0.95   (at the clock or at t = 0: not a peak)
   sep 0.07   peak 0.03697 at t = 0.95   (at the clock or at t = 0: not a peak)
   sep 0.10   peak 0.08025 at t = 0.95   (at the clock or at t = 0: not a peak)
   sep 0.14   peak 0.19085 at t = 0.95   (at the clock or at t = 0: not a peak)
   sep 0.20   peak 0.28224 at t = 0.95   (at the clock or at t = 0: not a peak)
   sep 0.28   peak 0.35161 at t = 0.95   (at the clock or at t = 0: not a peak)
   sep 0.40   peak 0.39065 at t = 0.75
   sep 0.56   peak 0.39215 at t = 0.55

clock expires at t = 0.95 (delta 0.0493); strong twist peak 0.08025 at t = 0.95, at the clock 0.08025 (fall 0%); max|w| growth to the clock 6.97x
race variable ell/ell_nu min inside the clock = 1.14 (at t = 0.60); cut fraction at the clock 0.387
C21: Re_seam at the twist peak (t = 0.95) = 257.0; twist peak 0.08025; max|w| at the peak 49.9
REGISTERED C20 at nu=0.002: between (see rows)
