GPE 3d  N=64^3  L=32  dx=0.500  d=6  a=1  dt=0.02;  xi = 1, c = 1, Gamma = 2pi;  imaginary-time relax 1.0;  setup 2s
E_total 946.73606 = E_ki 578.72024 + E_kc 14.79088 + E_q 114.30217 + E_int 242.75339  (decomposition residual 4.0e-03)
   t     E_tot rel err    E_ki       E_kc       E_q        E_int     seam gap   slices cut by all 4   L1 line length
  0.0   +0.00e+00       578.72024    14.79088    114.30217    242.75339      3.48        1.000                144.0   (3s)
  0.3   -6.64e-08       579.40804    14.90972    113.03279    242.06737      3.47        1.000                144.0   (3s)
  0.5   -1.96e-07       581.41334    14.82141    110.66027    240.42466      3.45        1.000                144.0   (4s)
  0.8   -3.45e-07       584.36863    14.62018    107.97170    237.83048      3.43        1.000                144.0   (5s)
  1.0   -4.66e-07       587.36205    14.44136    105.94360    234.95936      3.41        1.000                144.0   (6s)
  1.3   -5.74e-07       590.57106    14.34514    104.60887    231.60048      3.39        1.000                144.0   (6s)
  1.5   -6.56e-07       593.34468    14.39862    104.32553    228.45847      3.37        1.000                144.0   (7s)
  1.8   -7.29e-07       596.05498    14.62529    105.01606    225.16112      3.35        1.000                144.0   (8s)
  2.0   -7.87e-07       598.21429    14.95081    106.36147    222.30820      3.33        1.000                144.0   (8s)
  2.3   -8.40e-07       600.09238    15.32359    108.16501    219.48890      3.30        1.000                148.0   (9s)
  2.5   -8.85e-07       601.47866    15.57518    109.77833    217.16892      3.27        1.000                148.0   (10s)
  2.8   -9.26e-07       602.55605    15.71819    110.86175    214.97649      3.24        1.000                148.0   (11s)
  3.0   -9.59e-07       603.39172    15.72447    111.68043    213.24652      3.21        1.000                148.0   (11s)
  3.3   -9.91e-07       604.14955    15.76899    112.83627    211.67541      3.18        1.000                148.0   (12s)
  3.5   -1.01e-06       604.64908    15.81910    114.17298    210.48233      3.16        1.000                148.0   (13s)
  3.8   -1.02e-06       605.14217    16.02764    115.96177    209.42184      3.15        1.000                148.0   (13s)
  4.0   -1.03e-06       605.78615    16.16412    117.29853    208.59991      3.13        1.000                148.0   (14s)
  4.3   -1.05e-06       606.14802    16.14979    117.63457    207.83016      3.10        1.000                148.0   (15s)
  4.5   -1.09e-06       606.14118    15.91542    116.64014    207.22067      3.06        1.000                148.0   (15s)
  4.8   -1.13e-06       606.36210    15.51150    115.23578    206.69604      3.03        1.000                148.0   (16s)
  5.0   -1.13e-06       606.68701    14.98786    114.23970    206.35481      3.00        1.000                148.0   (17s)
  5.3   -1.10e-06       607.16658    14.23869    113.64364    206.09628      2.98        1.000                152.0   (18s)
  5.5   -1.07e-06       607.44782    13.69278    113.46158    205.86820      2.95        1.000                152.0   (18s)
  5.8   -1.07e-06       607.81742    13.47751    114.07067    205.53855      2.93        1.000                152.0   (19s)
  6.0   -1.09e-06       608.16961    13.72143    115.59967    205.12591      2.93        1.000                152.0   (20s)
  6.3   -1.11e-06       608.83448    14.19895    117.41975    204.57223      2.90        1.000                156.0   (20s)
  6.5   -1.11e-06       609.25961    14.28095    117.69911    203.97370      2.86        1.000                156.0   (21s)
  6.8   -1.10e-06       609.28572    14.74930    117.69082    203.21717      2.81        1.000                156.0   (22s)
  7.0   -1.10e-06       609.21974    15.37775    117.93523    202.39508      2.78        1.000                156.0   (23s)
  7.3   -1.12e-06       609.20634    16.28874    118.57031    201.36537      2.74        1.000                156.0   (23s)
  7.5   -1.16e-06       609.38148    17.11076    118.89529    200.32690      2.71        1.000                156.0   (24s)
  7.8   -1.23e-06       609.74912    17.98832    118.74356    199.20939      2.68        1.000                152.0   (25s)
  8.0   -1.28e-06       610.35463    18.71596    118.14241    198.31399      2.66        1.000                152.0   (25s)
  8.3   -1.33e-06       610.91002    19.21831    116.91164    197.64100      2.63        1.000                156.0   (26s)
  8.5   -1.35e-06       611.33460    19.19765    115.67866    197.40695      2.59        1.000                156.0   (27s)
  8.8   -1.35e-06       611.45668    18.77117    114.44118    197.65240      2.56        1.000                156.0   (28s)
  9.0   -1.32e-06       611.43386    18.29341    113.07867    198.36231      2.54        1.000                156.0   (28s)
  9.3   -1.26e-06       610.87203    17.87744    112.44307    199.62768      2.53        1.000                156.0   (29s)
  9.5   -1.19e-06       609.94391    17.63004    112.71393    201.18052      2.52        1.000                156.0   (30s)
  9.8   -1.11e-06       608.68025    17.36033    113.51885    203.15691      2.51        1.000                156.0   (30s)
 10.0   -1.04e-06       607.26344    17.33571    114.90384    205.13169      2.51        1.000                156.0   (31s)
 10.3   -9.77e-07       605.40485    17.28589    116.61449    207.30326      2.47        1.000                160.0   (32s)
 10.5   -9.26e-07       603.48510    17.03597    117.67104    209.22609      2.41        1.000                160.0   (33s)
 10.8   -8.86e-07       601.45174    16.70765    117.72223    211.11185      2.35        1.000                164.0   (33s)
 11.0   -8.64e-07       599.80225    16.40345    116.55884    212.59309      2.30        1.000                156.0   (34s)
 11.3   -8.55e-07       598.28616    16.23309    115.26551    213.85444      2.25        1.000                156.0   (35s)
 11.5   -8.62e-07       597.40813    16.24786    114.86338    214.66714      2.20        1.000                156.0   (35s)
 11.8   -8.86e-07       596.75351    16.40948    115.28488    215.15520      2.13        1.000                160.0   (36s)
 12.0   -9.17e-07       595.75868    16.46522    115.38653    215.25755      2.05        1.000                160.0   (37s)
 12.3   -9.56e-07       594.88536    16.67681    115.70544    215.02423      1.96        1.000                164.0   (38s)
 12.5   -1.00e-06       594.42823    16.84671    116.47413    214.53185      1.85        1.000                164.0   (38s)
 12.8   -1.06e-06       594.34660    17.14436    118.17729    213.76101      1.75        1.000                164.0   (39s)
 13.0   -1.12e-06       594.77496    17.64678    120.28334    212.90223      1.68        1.000                164.0   (40s)
 13.3   -1.18e-06       595.75697    18.13902    122.18916    211.90192      1.61        1.000                168.0   (41s)
 13.5   -1.22e-06       596.45313    18.38322    123.04595    210.98794      1.48        1.000                172.0   (41s)
 13.8   -1.25e-06       596.85611    17.77511    122.15109    210.06434      1.32        1.000                164.0   (42s)
 14.0   -1.26e-06       597.07678    17.19039    120.55801    209.29227      1.19        1.000                164.0   (43s)
 14.3   -1.27e-06       597.72548    16.60999    119.26036    208.53678      1.06        1.000                164.0   (43s)
 14.5   -1.27e-06       598.48173    16.21951    119.09841    207.90100      0.84        1.000                168.0   (44s)
 14.8   -1.28e-06       599.56007    16.49408    119.77344    207.26609      0.53        1.000                172.0   (45s)
 15.0   -1.29e-06       600.59325    15.93435    119.09155    206.72696      0.36        0.984                172.0   (46s)
 15.3   -1.30e-06       601.01162    15.62364    117.99769    206.20158      1.00        0.953                168.0   (46s)
 15.5   -1.30e-06       601.63658    15.47440    117.65191    205.77408      0.50        0.953                168.0   (47s)
 15.8   -1.28e-06       601.94637    15.62973    118.16545    205.35350      1.35        0.922                164.0   (48s)
 16.0   -1.24e-06       602.20123    16.41926    119.11072    204.95400      1.21        0.922                164.0   (48s)
 16.3   -1.21e-06       602.62880    16.99801    119.80192    204.42483      1.06        0.922                164.0   (49s)
 16.5   -1.18e-06       603.41056    16.74477    120.24190    203.77251      0.81        0.922                164.0   (50s)
 16.8   -1.17e-06       604.33908    17.02307    120.67510    202.82881      0.29        0.922                168.0   (51s)
 17.0   -1.18e-06       605.60096    17.50733    120.60493    201.71733      1.69        0.891                164.0   (51s)
 17.3   -1.22e-06       607.03809    18.59154    120.33181    200.27906      1.59        0.891                164.0   (52s)
 17.5   -1.27e-06       607.78732    19.38369    119.39864    198.81174      1.41        0.891                168.0   (53s)
 17.8   -1.32e-06       608.88920    20.53375    118.63277    197.19068      1.23        0.891                168.0   (53s)
 18.0   -1.35e-06       609.78353    21.44415    118.08994    195.76394      1.06        0.891                160.0   (54s)
 18.3   -1.35e-06       610.50430    22.21523    117.92717    194.35926      0.68        0.891                160.0   (55s)
 18.5   -1.35e-06       611.39968    22.69574    117.57060    193.20838      0.08        0.891                164.0   (55s)
 18.8   -1.34e-06       612.87967    22.62972    116.32009    192.10675      2.15        0.859                160.0   (56s)
 19.0   -1.34e-06       614.03852    22.83175    115.10319    191.20985      2.08        0.859                160.0   (57s)
 19.3   -1.35e-06       615.25470    23.03893    114.28348    190.37008      2.00        0.859                160.0   (58s)
 19.5   -1.36e-06       616.02234    23.11642    112.93577    189.73624      1.79        0.859                160.0   (58s)
 19.8   -1.36e-06       616.80349    22.92195    112.77329    189.22885      1.54        0.859                160.0   (59s)
 20.0   -1.35e-06       617.45917    22.58629    113.77524    188.93419      1.30        0.859                160.0   (60s)
 20.3   -1.33e-06       618.69255    21.95821    115.27126    188.78682      1.03        0.859                164.0   (61s)
 20.5   -1.31e-06       619.19774    21.40377    114.75628    188.77709      0.16        0.859                164.0   (61s)
 20.8   -1.28e-06       619.96579    20.62005    113.65614    188.85799      2.86        0.828                160.0   (62s)
 21.0   -1.26e-06       620.55726    20.12513    113.35625    188.97892      2.78        0.828                160.0   (63s)
 21.3   -1.25e-06       620.90677    19.98421    113.83955    189.13041      2.69        0.828                160.0   (63s)
 21.5   -1.26e-06       621.03449    19.94254    113.99072    189.28300      2.60        0.828                160.0   (64s)
 21.8   -1.28e-06       620.73238    19.96837    113.45914    189.48614      2.45        0.828                160.0   (65s)
 22.0   -1.29e-06       620.10673    20.22815    113.54404    189.75233      2.32        0.828                160.0   (66s)
 22.3   -1.30e-06       619.04223    20.82023    114.48515    190.17660      2.22        0.828                160.0   (66s)
 22.5   -1.30e-06       617.73714    21.52546    116.10437    190.72438      2.16        0.828                164.0   (67s)
 22.8   -1.29e-06       616.20624    22.06846    118.20497    191.49829      2.14        0.828                164.0   (68s)
 23.0   -1.27e-06       615.07908    22.07502    119.77241    192.36708      2.16        0.828                168.0   (68s)
 23.3   -1.24e-06       613.97210    21.95415    120.58407    193.44595      2.21        0.828                168.0   (69s)
 23.5   -1.23e-06       612.90839    21.64107    120.51853    194.54229      2.25        0.828                168.0   (70s)
 23.8   -1.20e-06       611.79545    21.21904    119.55426    195.81301      2.30        0.828                172.0   (71s)
 24.0   -1.19e-06       610.92884    20.63656    118.72876    197.03762      2.36        0.828                168.0   (71s)
 24.3   -1.17e-06       610.11238    19.86566    118.03082    198.38988      2.42        0.828                168.0   (72s)
 24.5   -1.15e-06       609.24635    19.20042    117.68260    199.63506      2.49        0.828                168.0   (73s)
 24.8   -1.12e-06       608.38625    18.37233    117.17704    200.94514      2.56        0.828                168.0   (73s)
 25.0   -1.10e-06       607.46980    17.82108    116.56196    202.08087      2.63        0.828                172.0   (74s)
 25.3   -1.10e-06       606.48958    17.30183    116.13454    203.20536      2.69        0.828                172.0   (75s)
 25.5   -1.10e-06       605.60390    16.97531    116.32904    204.14586      2.60        0.828                172.0   (76s)
 25.8   -1.09e-06       604.56607    16.74570    116.61826    205.07211      2.52        0.828                172.0   (76s)
 26.0   -1.09e-06       603.70684    16.62984    116.82875    205.85220      2.44        0.828                176.0   (77s)
 26.3   -1.10e-06       602.94059    16.98564    116.31191    206.63116      0.07        0.859                180.0   (78s)
 26.5   -1.10e-06       601.98420    17.39573    115.20982    207.31266      0.03        0.859                176.0   (78s)
 26.8   -1.11e-06       601.57558    17.64717    114.49055    208.04068      0.03        0.859                176.0   (79s)
 27.0   -1.11e-06       600.98282    18.03183    114.07842    208.72652      0.00        0.859                172.0   (80s)
 27.3   -1.11e-06       600.38349    18.16833    114.78609    209.50677      0.08        0.859                172.0   (81s)
 27.5   -1.10e-06       599.63582    18.64412    116.09785    210.27480      0.24        0.859                172.0   (81s)
 27.8   -1.08e-06       598.45011    19.17392    116.08788    211.15362      0.29        0.859                168.0   (82s)
 28.0   -1.06e-06       597.85674    19.34472    116.83914    211.97947      0.41        0.859                176.0   (83s)
 28.3   -1.04e-06       597.30526    19.82814    118.46865    212.84593      0.64        0.859                176.0   (83s)
 28.5   -1.04e-06       596.26825    20.28675    118.44931    213.59257      0.62        0.859                172.0   (84s)
 28.8   -1.05e-06       595.17299    20.62334    118.45010    214.33947      0.60        0.859                172.0   (85s)
 29.0   -1.06e-06       594.06949    21.04565    118.62302    214.98066      0.64        0.859                176.0   (86s)
 29.3   -1.07e-06       593.01204    21.80700    117.74993    215.63406      0.53        0.859                164.0   (86s)
 29.5   -1.08e-06       592.72726    21.85278    116.45414    216.20820      0.25        0.859                164.0   (87s)
 29.8   -1.08e-06       591.95221    21.97620    115.44137    216.80636      0.03        0.859                164.0   (88s)
 30.0   -1.07e-06       591.27781    22.28110    115.11863    217.33188      2.16        0.828                168.0   (88s)
 30.3   -1.04e-06       590.92151    22.49798    114.59828    217.84079      2.12        0.828                164.0   (89s)
 30.5   -1.02e-06       590.70572    22.37563    114.12331    218.20599      2.10        0.828                164.0   (90s)
 30.8   -1.01e-06       590.76958    22.61686    114.50450    218.43510      2.09        0.828                160.0   (91s)
 31.0   -1.01e-06       589.77380    23.53266    114.35661    218.46713      2.04        0.828                160.0   (91s)
 31.3   -1.02e-06       589.38961    24.62010    113.55849    218.31027      1.95        0.828                164.0   (92s)
 31.5   -1.04e-06       589.22150    25.24131    112.93269    218.01457      1.86        0.828                164.0   (93s)
 31.8   -1.06e-06       588.87817    26.44220    113.02745    217.58092      1.79        0.828                164.0   (93s)
 32.0   -1.09e-06       588.60659    27.81694    112.66882    217.13680      1.74        0.828                164.0   (94s)
 32.3   -1.11e-06       588.11721    29.14775    111.26217    216.68462      1.60        0.828                164.0   (95s)
 32.5   -1.12e-06       587.51013    30.09749    109.95250    216.35698      1.44        0.828                160.0   (96s)
 32.8   -1.12e-06       587.03000    31.06572    109.57746    216.14669      1.28        0.828                160.0   (96s)
 33.0   -1.10e-06       586.47331    32.09442    109.94256    216.09999      1.16        0.828                160.0   (97s)
 33.3   -1.08e-06       585.57396    33.26906    110.55610    216.19620      1.05        0.828                160.0   (98s)
 33.5   -1.06e-06       584.78071    33.96569    110.69151    216.39742      0.91        0.828                160.0   (98s)
 33.8   -1.04e-06       583.71987    34.88375    110.90052    216.70938      0.71        0.828                160.0   (99s)
 34.0   -1.02e-06       582.62088    35.24369    110.81597    217.05627      0.43        0.828                156.0   (100s)
 34.3   -1.00e-06       581.64669    35.64833    111.33719    217.46501      0.29        0.828                156.0   (101s)
 34.5   -9.94e-07       580.97091    35.87512    112.21420    217.85103      0.29        0.828                164.0   (101s)
 34.8   -9.88e-07       580.22362    36.10851    112.78812    218.26265      0.43        0.828                160.0   (102s)
 35.0   -9.86e-07       579.43596    36.18221    112.78157    218.62572      0.64        0.828                160.0   (103s)
 35.3   -9.95e-07       578.62935    36.14977    112.37356    218.99508      0.93        0.828                160.0   (104s)
 35.5   -1.01e-06       577.97785    36.34522    112.36636    219.32456      1.08        0.828                160.0   (104s)
 35.8   -1.04e-06       577.43374    36.95446    112.87953    219.70185      1.22        0.828                160.0   (105s)
 36.0   -1.05e-06       576.41207    37.48890    113.03620    220.10201      1.32        0.828                156.0   (106s)
 36.3   -1.05e-06       575.30801    36.78001    112.41402    220.60575      1.42        0.828                152.0   (106s)
 36.5   -1.05e-06       574.66852    36.10579    111.69750    221.12219      1.51        0.828                152.0   (107s)
 36.8   -1.05e-06       574.09238    35.96949    111.40107    221.71496      1.60        0.828                152.0   (108s)
 37.0   -1.06e-06       573.67692    36.15236    111.89178    222.27892      1.69        0.828                152.0   (108s)
 37.3   -1.06e-06       573.35266    36.50753    113.06260    222.89865      1.80        0.828                152.0   (109s)
 37.5   -1.07e-06       573.19164    36.39104    113.30347    223.47448      0.07        0.859                160.0   (110s)
 37.8   -1.07e-06       572.81034    35.39256    111.77927    224.09763      0.07        0.859                152.0   (111s)
 38.0   -1.06e-06       572.26449    34.88881    110.62306    224.65798      0.09        0.859                152.0   (111s)
 38.3   -1.03e-06       572.00417    34.35870    110.20038    225.21167      0.11        0.859                152.0   (112s)
 38.5   -9.96e-07       572.18307    33.82325    110.64335    225.61766      0.14        0.859                152.0   (113s)
 38.8   -9.46e-07       572.96813    32.79114    110.91204    225.85651      2.02        0.828                152.0   (113s)
 39.0   -9.02e-07       574.48379    31.92347    111.27238    225.79698      2.06        0.828                152.0   (114s)
 39.3   -8.76e-07       575.25824    31.69827    111.41150    225.33560      2.07        0.828                152.0   (115s)
 39.5   -8.77e-07       576.79506    31.62743    112.03308    224.50061      2.07        0.828                152.0   (116s)
 39.8   -8.98e-07       578.54622    31.99769    112.53012    223.16356      2.07        0.828                152.0   (116s)
 40.0   -9.27e-07       580.74404    31.64587    112.87407    221.58117      2.08        0.828                156.0   (117s)
 40.3   -9.61e-07       583.48486    31.44332    113.40424    219.57080      2.10        0.828                156.0   (118s)
 40.5   -9.89e-07       586.09378    31.46905    113.45704    217.52118      2.07        0.828                160.0   (118s)
 40.8   -1.01e-06       588.79913    31.30192    112.69320    215.17025      2.02        0.828                160.0   (119s)
 41.0   -1.02e-06       591.48129    31.06943    111.51807    212.93441      1.97        0.828                152.0   (120s)
 41.3   -1.02e-06       594.33729    30.67361    110.70205    210.47977      1.92        0.828                152.0   (121s)
 41.5   -1.03e-06       597.32083    30.19022    109.91181    208.20108      1.91        0.828                156.0   (121s)
 41.8   -1.03e-06       600.48096    29.65425    108.78244    205.73286      1.81        0.828                156.0   (122s)
 42.0   -1.04e-06       603.10559    29.37477    108.14830    203.47327      1.64        0.828                156.0   (123s)
 42.3   -1.05e-06       605.65204    29.32336    108.46905    201.06619      1.49        0.828                156.0   (123s)
 42.5   -1.05e-06       607.70570    29.51057    108.97984    198.89039      1.36        0.828                156.0   (124s)
 42.8   -1.05e-06       610.39472    29.60836    109.77814    196.58362      1.22        0.828                164.0   (125s)
 43.0   -1.06e-06       611.92633    29.95250    108.94308    194.50446      0.91        0.828                156.0   (126s)
 43.3   -1.07e-06       613.66088    30.44479    109.03562    192.31924      0.11        0.828                156.0   (126s)
 43.5   -1.08e-06       615.15612    30.87660    109.30399    190.37788      2.91        0.797                152.0   (127s)
 43.8   -1.08e-06       616.69624    31.39013    109.67400    188.36305      2.80        0.797                152.0   (128s)
 44.0   -1.09e-06       618.05108    31.71370    109.67210    186.58234      2.71        0.797                156.0   (128s)
 44.3   -1.11e-06       619.86174    31.73271    108.51396    184.74696      2.63        0.797                156.0   (129s)
 44.5   -1.13e-06       621.40701    31.86368    107.99065    183.16453      2.57        0.797                156.0   (130s)
 44.8   -1.15e-06       622.98545    31.76204    107.68267    181.60393      2.41        0.797                156.0   (131s)
 45.0   -1.16e-06       624.54593    31.36609    107.69923    180.32494      2.26        0.797                160.0   (131s)
 45.3   -1.17e-06       626.33411    30.70591    108.09159    179.12813      2.09        0.797                160.0   (132s)
 45.5   -1.19e-06       628.14050    29.74566    108.31247    178.21248      1.91        0.797                164.0   (133s)
 45.8   -1.22e-06       629.84298    28.68575    108.13673    177.45224      1.58        0.797                164.0   (133s)
 46.0   -1.25e-06       631.15916    27.72441    107.89195    176.99820      1.20        0.797                164.0   (134s)
 46.3   -1.27e-06       632.42215    26.71229    108.55008    176.81587      0.36        0.797                164.0   (135s)
 46.5   -1.27e-06       633.32423    25.71724    109.49435    176.95571      3.30        0.766                160.0   (136s)
 46.8   -1.25e-06       634.08659    24.53405    109.89247    177.42919      3.16        0.766                160.0   (136s)
 47.0   -1.23e-06       634.68381    23.03263    109.30385    178.11732      3.04        0.766                164.0   (137s)
 47.3   -1.19e-06       634.88868    21.76083    108.73441    179.05993      2.88        0.766                164.0   (138s)
 47.5   -1.17e-06       634.55797    21.11018    108.75287    180.04449      2.72        0.766                164.0   (138s)
 47.8   -1.14e-06       633.85816    20.61915    108.77249    181.17534      2.36        0.766                164.0   (139s)
 48.0   -1.12e-06       633.17135    20.18063    109.30594    182.23821      2.00        0.766                164.0   (140s)
 48.3   -1.09e-06       632.46848    19.86946    110.94085    183.37073      1.39        0.766                164.0   (141s)
 48.5   -1.06e-06       631.82960    19.82109    112.27077    184.36191      0.27        0.766                168.0   (141s)
 48.8   -1.03e-06       631.25953    19.54105    110.85481    185.33631      3.85        0.734                164.0   (142s)
 49.0   -1.01e-06       630.76539    19.45794    110.67071    186.11628      3.66        0.734                164.0   (143s)
 49.3   -9.96e-07       630.51428    19.44935    111.03792    186.82061      3.47        0.734                172.0   (143s)
 49.5   -9.91e-07       630.63377    19.21861    111.18966    187.35220      3.27        0.734                164.0   (144s)
 49.8   -9.81e-07       630.19097    19.31257    109.29765    187.82209      2.84        0.734                164.0   (145s)
 50.0   -9.65e-07       629.82275    19.50932    108.34796    188.16975      2.33        0.734                160.0   (146s)
 50.3   -9.47e-07       629.57142    19.73384    108.47841    188.45138      1.63        0.734                160.0   (146s)
 50.5   -9.36e-07       629.41252    20.04572    108.24780    188.61739      4.61        0.703                160.0   (147s)
 50.8   -9.40e-07       629.78282    19.62672    105.78666    188.70148      4.35        0.703                160.0   (148s)
 51.0   -9.55e-07       630.32941    19.23455    104.26574    188.72134      4.11        0.703                160.0   (148s)
 51.3   -9.71e-07       630.81551    19.07261    104.32444    188.73718      3.82        0.703                160.0   (149s)
 51.5   -9.81e-07       631.30971    18.94397    104.86960    188.79801      3.53        0.703                160.0   (150s)
 51.8   -9.90e-07       631.36867    18.69567    103.70682    188.95897      3.09        0.703                160.0   (151s)
 52.0   -9.95e-07       631.38041    18.40101    103.30036    189.22879      2.61        0.703                160.0   (151s)
 52.3   -9.86e-07       631.11825    18.29610    104.68096    189.67870      2.13        0.703                160.0   (152s)
 52.5   -9.57e-07       630.60682    18.50192    107.09736    190.23391      1.65        0.703                160.0   (153s)
 52.8   -9.12e-07       630.01699    18.68286    109.26194    190.93491      1.12        0.703                164.0   (153s)
 53.0   -8.71e-07       629.51781    18.41382    108.47005    191.60050      4.28        0.672                156.0   (154s)
 53.3   -8.30e-07       629.23039    18.16969    106.95588    192.25846      4.07        0.672                156.0   (155s)
 53.5   -7.93e-07       628.83837    18.22928    106.21436    192.73936      3.89        0.672                164.0   (156s)
 53.8   -7.60e-07       628.38711    18.55765    106.16642    193.05267      3.68        0.672                164.0   (156s)
 54.0   -7.48e-07       628.22320    18.62525    105.41704    193.10300      3.41        0.672                160.0   (157s)
 54.3   -7.62e-07       627.99324    19.13553    104.85503    192.89045      3.11        0.672                160.0   (158s)
 54.5   -8.02e-07       627.89787    19.97734    104.98623    192.49438      2.74        0.672                164.0   (158s)
 54.8   -8.61e-07       628.14956    20.61818    104.93118    191.95854      2.30        0.672                164.0   (159s)
 55.0   -9.14e-07       628.40384    21.10312    103.77464    191.49419      1.64        0.672                164.0   (160s)
 55.3   -9.50e-07       628.65839    21.43054    102.66255    191.15834      0.26        0.672                164.0   (160s)
 55.5   -9.56e-07       628.68159    21.57566    102.49558    191.08076      4.17        0.641                160.0   (161s)
 55.8   -9.33e-07       628.41475    21.64165    102.73004    191.26787      3.94        0.641                160.0   (162s)
 56.0   -8.91e-07       628.14808    21.48369    103.04287    191.64669      3.64        0.641                160.0   (163s)
 56.3   -8.40e-07       627.92061    21.02101    103.27393    192.18045      3.29        0.641                160.0   (163s)
 56.5   -8.01e-07       627.69003    20.59096    103.74352    192.68051      2.98        0.641                160.0   (164s)
 56.8   -7.79e-07       627.20305    20.54382    104.76927    193.12739      2.54        0.641                172.0   (165s)
 57.0   -7.77e-07       626.87114    20.63935    105.46347    193.39503      2.14        0.641                172.0   (165s)
 57.3   -7.85e-07       626.04081    21.20178    105.11662    193.50413      1.48        0.641                172.0   (166s)
 57.5   -7.98e-07       625.27376    21.95872    104.60988    193.43806      0.35        0.641                176.0   (167s)
 57.8   -8.16e-07       624.39249    23.01451    104.21527    193.19992      4.30        0.609                164.0   (168s)
 58.0   -8.33e-07       623.76908    24.11236    104.45057    192.84536      4.02        0.609                164.0   (168s)
 58.3   -8.53e-07       623.26492    25.04095    104.09782    192.33720      3.72        0.609                164.0   (169s)
 58.5   -8.80e-07       622.96291    25.82625    103.84645    191.77753      3.39        0.609                160.0   (170s)
 58.8   -9.26e-07       622.81961    26.60868    104.21148    191.11900      2.94        0.609                160.0   (170s)
 59.0   -9.78e-07       622.86866    27.07740    105.12405    190.53380      2.40        0.609                168.0   (171s)
 59.3   -1.02e-06       623.03120    27.59418    106.89961    190.02099      1.57        0.609                168.0   (172s)
 59.5   -1.04e-06       623.31272    27.62515    107.22627    189.72691      5.76        0.578                164.0   (173s)
 59.8   -1.04e-06       623.86231    26.82285    105.51129    189.63112      5.61        0.578                172.0   (173s)
 60.0   -1.03e-06       624.66272    25.85469    104.54040    189.73114      5.50        0.578                168.0   (174s)
3-D reconnection at t_r = 15.8 (first slice loses its pair; gap 0.50 -> 1.35)
gap law before the cut: gap ~ (t_r - t)^p with p = 0.38 on 54 points  [registered 0.5 +/- 0.15]
across t_r +/- 3: E_ki 594.34660 -> 612.87967 (+3.1%), E_kc 17.14436 -> 22.62972 (+32.0%)
re-approach after the cut: none;  slices cut by both at T: 0.578
3-D verdict: reconnection YES, gap exponent in range, sound rises -> PASS
