found field at /kaggle/input/datasets/anushreekaushal/zef-found/leashed64_dmin030.npz
seam race on GPU: IC=found  N=256^3  nu=0.002  T=2.4  Z0=0.375  clock 2dx=0.0491  device=cuda  FORCE=0
   t     Z/Z0    max|w|   twist@0.05 @0.07 @0.1 @0.14 @0.2 @0.28 @0.4 @0.56   anti    ell     ell_nu   race   cut    Re_seam   delta     E/E0   | material|w|  gap   jump
 0.00    1.000      7.16   0.00000 0.00000 0.00000 0.00001 0.00008 0.00071 0.00821 0.06333   0.000   0.6364   0.2607    2.44   0.000      910.1   (tail empty)   1.000000   (2s)
 0.05    1.018      7.40   0.00000 0.00000 0.00000 0.00001 0.00009 0.00080 0.00973 0.07379   0.000   0.6340   0.1204    5.26   0.000      927.5   (tail empty)   0.997554   (11s)
 0.10    1.045      8.16   0.00000 0.00000 0.00000 0.00001 0.00011 0.00111 0.01322 0.09135   0.000   0.6315   0.0884    7.14   0.000     1006.5   (tail empty)   0.995053   (21s)
 0.15    1.080      8.92   0.00000 0.00000 0.00000 0.00002 0.00017 0.00189 0.01974 0.11661   0.000   0.5934   0.0734    8.08   0.000      967.1   (tail empty)   0.992478   (32s)
 0.20    1.123      9.68   0.00000 0.00000 0.00000 0.00003 0.00036 0.00348 0.03029 0.14902   0.000   0.5265   0.0652    8.08   0.000      829.5   (tail empty)   0.989807   (42s)
 0.25    1.175     10.38   0.00000 0.00000 0.00000 0.00008 0.00075 0.00618 0.04579 0.18672   0.000   0.4709   0.0597    7.89   0.000      715.8   (tail empty)   0.987021   (53s)
 0.30    1.234     11.06   0.00000 0.00000 0.00000 0.00017 0.00143 0.01017 0.06703 0.22726   0.000   0.4333   0.0565    7.66   0.000      653.1   0.2633   0.984101   (63s)
 0.35    1.300     12.04   0.00000 0.00000 0.00001 0.00033 0.00241 0.01589 0.09385 0.26845   0.000   0.4020   0.0544    7.39   0.000      614.9   0.2317   0.981029   (74s)
 0.40    1.373     13.17   0.00000 0.00000 0.00002 0.00057 0.00377 0.02369 0.12527 0.30874   0.000   0.3718   0.0532    6.99   0.000      573.8   0.2067   0.977788   (84s)
 0.45    1.452     14.30   0.00000 0.00000 0.00005 0.00090 0.00571 0.03355 0.15986 0.34695   0.000   0.3478   0.0529    6.57   0.000      540.8   0.1835   0.974363   (94s)
 0.50    1.536     15.45   0.00000 0.00001 0.00008 0.00135 0.00839 0.04530 0.19624 0.38192   0.000   0.3282   0.0536    6.13   0.000      517.0   0.1627   0.970739   (105s)
 0.55    1.625     16.56   0.00000 0.00001 0.00012 0.00204 0.01191 0.05871 0.23346 0.41241   0.000   0.3143   0.0551    5.71   0.000      502.5   0.1446   0.966905   (115s)
 0.60    1.718     17.57   0.00000 0.00002 0.00019 0.00302 0.01632 0.07362 0.27087 0.43708   0.000   0.3027   0.0574    5.27   0.000      490.3   0.1321   0.962851   (125s)
 0.65    1.813     18.60   0.00000 0.00003 0.00028 0.00437 0.02169 0.09008 0.30814 0.45436   0.001   0.2968   0.0602    4.93   0.000      501.3   0.1221   0.958569   (134s)
 0.70    1.911     19.48   0.00000 0.00005 0.00042 0.00613 0.02810 0.10847 0.34531 0.46229   0.004   0.2933   0.0642    4.57   0.000      512.9   0.1136   0.954051   (143s)
 0.75    2.010     20.29   0.00000 0.00008 0.00064 0.00840 0.03571 0.12924 0.38258 0.45877   0.010   0.2936   0.0691    4.25   0.000      533.1   0.1063   0.949295   (152s)
 0.80    2.109     21.05   0.00000 0.00012 0.00097 0.01130 0.04487 0.15289 0.41982 0.44277   0.018   0.2933   0.0743    3.95   0.030       33.9   0.1001   0.944298   (161s)
 0.85    2.208     21.67   0.00001 0.00020 0.00146 0.01502 0.05614 0.18002 0.45528 0.41600   0.029   0.2954   0.0824    3.58   0.097       40.4   0.0948   0.939060   (171s)
 0.90    2.306     22.20   0.00001 0.00032 0.00217 0.01994 0.07014 0.21165 0.48350 0.38272   0.044   0.2963   0.0922    3.22   0.146       47.3   0.0897   0.933584   (180s)
 0.95    2.401     22.57   0.00003 0.00052 0.00323 0.02662 0.08753 0.24926 0.49717 0.34789   0.067   0.2962   0.0979    3.03   0.203       54.4   0.0854   0.927874   (189s)
lagrangian: 4000 particles seeded on the high set at t = 1.00; sheets A/B = 2840/1160
 1.00    2.494     22.79   0.00005 0.00085 0.00479 0.03563 0.10938 0.29281 0.49432 0.31567   0.102   0.2917   0.0960    3.04   0.285       62.8   0.0831   0.921935   |    13.10   0.2700   1.0098   (199s)
 1.05    2.583     22.88   0.00009 0.00137 0.00716 0.04768 0.13748 0.33638 0.47865 0.28868   0.150   0.2850   0.0893    3.19   0.356       73.1   0.0805   0.915776   |    13.33   0.2545   1.0250   (208s)
 1.10    2.668     22.85   0.00015 0.00220 0.01074 0.06387 0.17278 0.37112 0.45347 0.26985   0.199   0.2779   0.0816    3.41   0.402       82.2   0.0780   0.909405   |    13.52   0.2389   1.0497   (219s)
 1.15    2.749     22.72   0.00028 0.00355 0.01607 0.08561 0.21162 0.39487 0.42312 0.26450   0.243   0.2684   0.0729    3.68   0.432       93.7   0.0771   0.902832   |    13.61   0.2260   1.0632   (230s)
 1.20    2.825     22.63   0.00050 0.00574 0.02381 0.11263 0.24754 0.40953 0.39598 0.26702   0.291   0.2603   0.0653    3.99   0.444      104.7   0.0746   0.896069   |    13.71   0.2130   1.0765   (242s)
 1.25    2.896     22.72   0.00093 0.00917 0.03447 0.14165 0.27775 0.41626 0.37469 0.26210   0.343   0.2494   0.0607    4.11   0.443      113.0   0.0704   0.889126   |    13.82   0.2001   1.0852   (254s)
 1.30    2.962     23.04   0.00167 0.01404 0.04759 0.16914 0.30223 0.41427 0.35163 0.25199   0.394   0.2371   0.0568    4.17   0.433      123.8   0.0680   0.882017   |    13.77   0.1896   1.0977   (265s)
 1.35    3.023     23.52   0.00273 0.02007 0.06172 0.19313 0.31884 0.40082 0.32585 0.24157   0.446   0.2277   0.0519    4.39   0.407      139.1   0.0681   0.874755   |    13.76   0.1793   1.0835   (277s)
 1.40    3.077     24.07   0.00406 0.02664 0.07547 0.21179 0.32387 0.37729 0.30157 0.23064   0.491   0.2170   0.0505    4.29   0.363      164.7   0.0688   0.867353   |    13.71   0.1703   1.0888   (289s)
 1.45    3.124     24.63   0.00560 0.03336 0.08802 0.22301 0.31714 0.34943 0.28310 0.22158   0.533   0.2087   0.0510    4.09   0.331      183.5   0.0689   0.859829   |    13.61   0.1616   1.0637   (301s)
 1.50    3.163     25.11   0.00739 0.04013 0.09864 0.22602 0.30263 0.32106 0.26632 0.21506   0.566   0.2049   0.0511    4.01   0.337      191.4   0.0689   0.852200   |    13.48   0.1564   1.0418   (313s)
 1.55    3.191     26.55   0.00950 0.04658 0.10621 0.22205 0.28423 0.29461 0.24670 0.20528   0.591   0.2043   0.0521    3.92   0.350      206.5   0.0684   0.844490   |    13.23   0.1524   1.0231   (325s)
 1.60    3.209     28.99   0.01170 0.05176 0.10981 0.21376 0.26412 0.27033 0.22743 0.19203   0.610   0.2072   0.0535    3.87   0.374      223.8   0.0692   0.836722   |    12.91   0.1512   0.9815   (336s)
 1.65    3.214     31.99   0.01347 0.05440 0.10924 0.20321 0.24394 0.24645 0.20944 0.17723   0.619   0.2051   0.0529    3.88   0.402      229.1   0.0689   0.828927   |    12.51   0.1501   0.9339   (346s)
 1.70    3.207     35.12   0.01410 0.05415 0.10599 0.19051 0.22247 0.22438 0.19299 0.16418   0.602   0.2024   0.0524    3.86   0.438      233.8   0.0660   0.821135   |    12.11   0.1515   0.9026   (357s)
 1.75    3.188     38.96   0.01367 0.05231 0.10125 0.17478 0.20092 0.20593 0.18040 0.15492   0.555   0.2145   0.0658    3.26   0.426      255.7   0.0619   0.813375   |    11.66   0.1544   0.8701   (368s)
 1.80    3.161     41.14   0.01283 0.04969 0.09440 0.15778 0.18321 0.19230 0.17218 0.14720   0.503   0.2226   0.0858    2.59   0.397      275.1   0.0587   0.805672   |    11.11   0.1567   0.8340   (377s)
 1.85    3.127     41.34   0.01200 0.04606 0.08538 0.14288 0.17093 0.18347 0.16595 0.14078   0.496   0.2207   0.0924    2.39   0.406      251.2   0.0572   0.798043   |    10.66   0.1580   0.8180   (388s)
 1.90    3.091     39.51   0.01087 0.04122 0.07572 0.13151 0.16297 0.17787 0.16079 0.13752   0.506   0.2060   0.0827    2.49   0.444      216.9   0.0572   0.790498   |    10.34   0.1621   0.8072   (398s)
 1.95    3.052     37.37   0.00930 0.03580 0.06719 0.12328 0.15732 0.17371 0.15640 0.13666   0.493   0.1970   0.0687    2.87   0.467      200.3   0.0576   0.783045   |    10.03   0.1640   0.7926   (409s)
 2.00    3.014     35.99   0.00766 0.03084 0.06045 0.11717 0.15249 0.16978 0.15357 0.13622   0.466   0.1936   0.0611    3.17   0.475      184.8   0.0579   0.775686   |     9.61   0.1636   0.7600   (420s)
 2.05    2.976     36.69   0.00637 0.02695 0.05538 0.11250 0.14796 0.16548 0.15278 0.13556   0.416   0.1871   0.0576    3.25   0.431      178.6   0.0581   0.768420   |     9.38   0.1657   0.7354   (430s)
 2.10    2.941     37.12   0.00542 0.02406 0.05156 0.10868 0.14345 0.16092 0.15310 0.13579   0.387   0.1884   0.0615    3.07   0.397      165.5   0.0585   0.761242   |     9.11   0.1685   0.7163   (441s)
 2.15    2.908     36.43   0.00473 0.02195 0.04880 0.10537 0.13910 0.15663 0.15296 0.13822   0.376   0.1851   0.0692    2.68   0.375      170.9   0.0593   0.754147   |     8.88   0.1710   0.6970   (452s)
 2.20    2.877     35.11   0.00431 0.02064 0.04717 0.10252 0.13520 0.15330 0.15171 0.14245   0.394   0.1831   0.0789    2.32   0.371      174.3   0.0602   0.747129   |     8.69   0.1731   0.6893   (462s)
 2.25    2.849     34.29   0.00414 0.02021 0.04669 0.10041 0.13239 0.15118 0.14977 0.14665   0.405   0.1832   0.0794    2.31   0.359      181.5   0.0613   0.740183   |     8.53   0.1751   0.6820   (473s)
 2.30    2.822     33.60   0.00424 0.02062 0.04718 0.09941 0.13139 0.14926 0.14778 0.14919   0.413   0.1798   0.0804    2.23   0.369      179.4   0.0624   0.733303   |     8.45   0.1772   0.6557   (482s)
 2.35    2.796     33.27   0.00455 0.02159 0.04823 0.09976 0.13214 0.14721 0.14641 0.14958   0.412   0.1787   0.0845    2.12   0.390      165.4   0.0635   0.726487   |     8.34   0.1779   0.6288   (492s)
 2.40    2.769     32.92   0.00500 0.02280 0.04953 0.10125 0.13359 0.14563 0.14594 0.14815   0.395   0.1766   0.0780    2.26   0.427      149.3   0.0641   0.719736   |     8.20   0.1774   0.6093   (501s)

C26 Lagrangian: gap 0.2700 -> 0.1501 (min at t = 1.65, inside the clock 2.40); linear fit T* = 2.00, lambda = 0.99; jump 1.0098 at seed -> max 1.0977 before the merge (x1.09); material |w| 13.1 -> 13.8
REGISTERED C26: PASS: linear closing, bounded jump

C22 descent: separation -> peak twist, peak time (clock expires at t = 2.40)
   sep 0.05   peak 0.01410 at t = 1.70
   sep 0.07   peak 0.05440 at t = 1.65
   sep 0.10   peak 0.10981 at t = 1.60
   sep 0.14   peak 0.22602 at t = 1.50
   sep 0.20   peak 0.32387 at t = 1.40
   sep 0.28   peak 0.41626 at t = 1.25
   sep 0.40   peak 0.49717 at t = 0.95
   sep 0.56   peak 0.46229 at t = 0.70
   halving times (time for the wave to descend one octave), from resolved peaks only:
      0.56 -> 0.40 : 0.25  per octave 0.52
      0.40 -> 0.28 : 0.30  per octave 0.58
      0.28 -> 0.20 : 0.15  per octave 0.31
      0.20 -> 0.14 : 0.10  per octave 0.19
      0.14 -> 0.10 : 0.10  per octave 0.21
      0.10 -> 0.07 : 0.05  per octave 0.10
      0.07 -> 0.05 : 0.05  per octave 0.10
   V: gap = 0.501 (1.79 - t) from sep >= 0.1, T* = 1.79; thickness e-fold 1.02 fitted on t in [0.30, 1.60]; arms meet at t = 1.69, scale 0.049, sqrt(nu/s) there 0.052 (inside the clock)

clock expires at t = 2.40 (delta 0.0641); strong twist peak 0.10981 at t = 1.60, at the clock 0.04953 (fall 55%); max|w| growth to the clock 4.60x
race variable ell/ell_nu min inside the clock = 2.12 (at t = 2.35); cut fraction at the clock 0.427
C21: Re_seam at the twist peak (t = 1.60) = 223.8; twist peak 0.10981; max|w| at the peak 29.0
REGISTERED C20 at nu=0.002: between (see rows)
